scene_name: bill
navmesh_id: 15729583066227742361
skybox:
  right_cube_id: 0
  left_cube_id: 0
  bottom_cube_id: 0
  top_cube_id: 0
  center_cube_id: 0
  back_cube_id: 0
root_id: 2112468677600086813
child:
  - id: 10938978541725939418
    name: Main Camera
    enabled: true
    component:
      - id: 7322800874301376986
        type: 1
        enabled: true
        position: [0, 0, 0]
        rotation: [0, 0, 0, 1]
        scale: [1, 1, 1]
      - id: 1640729036956120262
        type: 4
        enabled: true
        frustum:
          near_distance: 0.100000001
          far_distance: 1000
          fov: 65
          position: [0, 0, 0]
          front: [0, 0, 1]
          up: [0, 1, 0]
          type: 0
          pinned_camera: [0, 0, 0]
  - id: 2786219729286763365
    name: Billy
    enabled: true
    component:
      - id: 17738107168343765330
        type: 1
        enabled: true
        position: [7.08838844, 112.048225, 49.087368]
        rotation: [-0.0507879034, -0.0484708473, -0.631268561, 0.772380173]
        scale: [47.1012077, 34.600235, 1.00001144]
      - id: 17787028528505626783
        type: 21
        enabled: true
        billboard_type: 3
        play_on_awake: false
        texture_id: 9793570645799761911
        x_tiles: 6
        y_tiles: 6
        flip_x: true
        flip_y: true
        billboard_lifetime: 15
        animation_loop: false
        has_color_gradient: true
        color_cycles: 2
        color_loop: true