scene_name: bill
navmesh_id: 15729583066227742361
skybox:
  right_cube_id: 0
  left_cube_id: 0
  bottom_cube_id: 0
  top_cube_id: 0
  center_cube_id: 0
  back_cube_id: 0
root_id: 2112468677600086813
child:
  - id: 10938978541725939418
    name: Main Camera
    enabled: true
    component:
      - id: 7322800874301376986
        type: 1
        enabled: true
        position: [0, 0, 0]
        rotation: [0, 0, 0, 1]
        scale: [1, 1, 1]
      - id: 1640729036956120262
        type: 4
        enabled: true
        frustum:
          near_distance: 0.100000001
          far_distance: 1000
          fov: 65
          position: [0, 0, 0]
          front: [0, 0, 1]
          up: [0, 1, 0]
          type: 0
          pinned_camera: [0, 0, 0]
  - id: 1404782576152035404
    name: Billy
    enabled: true
    component:
      - id: 8792541425243767421
        type: 1
        enabled: true
        position: [81.1569824, 83.9374313, 0]
        rotation: [0, 0, 0, 1]
        scale: [100, 100, 1]
      - id: 1263894750688381676
        type: 21
        enabled: true
        billboard_type: 3
        play_on_awake: false
        texture_id: 9793570645799761911
        x_tiles: 6
        y_tiles: 6
        flip_x: true
        flip_y: true
        billboard_lifetime: 8
        animation_loop: true
        has_color_gradient: true
        color_cycles: 1
        color_loop: true
        color_gradient: [[0.137254909, 0, 0.600000024, 0, 0.00606061518], [0.589595377, 0, 0, 0, 0.475757539], [0.138995722, 0, 0.601156056, 0, 0.9939394]]