scene_name: bill
navmesh_id: 15729583066227742361
skybox:
  right_cube_id: 0
  left_cube_id: 0
  bottom_cube_id: 0
  top_cube_id: 0
  center_cube_id: 0
  back_cube_id: 0
root_id: 2112468677600086813
child:
  - id: 10938978541725939418
    name: Main Camera
    enabled: true
    component:
      - id: 7322800874301376986
        type: 1
        enabled: true
        position: [0, 0, 0]
        rotation: [0, 0, 0, 1]
        scale: [1, 1, 1]
      - id: 1640729036956120262
        type: 4
        enabled: true
        frustum:
          near_distance: 0.100000001
          far_distance: 1000
          fov: 65
          position: [0, 0, 0]
          front: [0, 0, 1]
          up: [0, 1, 0]
          type: 0
          pinned_camera: [0, 0, 0]
  - id: 2917331946386089603
    name: GameObject
    enabled: true
    component:
      - id: 11020600808320403649
        type: 1
        enabled: true
        position: [0, 8.28241444, 7.33515072]
        rotation: [0, 0, 0, 1]
        scale: [1, 1, 1]
      - id: 14668670799777792220
        type: 21
        enabled: true
        texture_id: 9793570645799761911