scene_name: Fade_test
navmesh_id: 6812846620149289574
skybox:
  right_cube_id: 0
  left_cube_id: 0
  top_cube_id: 0
  bottom_cube_id: 0
  center_cube_id: 0
  back_cube_id: 0
root_id: 1355365245468165729
child:
  - id: 420969117229830922
    name: Main Camera
    enabled: true
    component:
      - id: 15038991602395732759
        type: 1
        enabled: true
        position: [-16.6122055, -0.00952869654, 0.00205206871]
        rotation: [0, 0.787096679, 0, 0.616829634]
        scale: [1.00000036, 1, 1.00000036]
      - id: 11160505978138736126
        type: 4
        enabled: true
        frustum:
          near_distance: 0.100000001
          far_distance: 1000
          fov: 65
          position: [-16.6122055, -0.00952869654, 0.00205206871]
          front: [0.971009493, 0, -0.239042491]
          up: [0, 1, 0]
          pinned_camera: [0, 0, 0]
  - id: 4578812900025849175
    name: Transition Canvas
    enabled: true
    component:
      - id: 603736276261607782
        type: 1
        enabled: true
        position: [0, 0, 0]
        rotation: [0, 0, 0, 1]
        scale: [1, 1, 1]
      - id: 8450888497369342822
        type: 10
        enabled: true
        position: [0, 0, 0]
        size: [953, 630]
        scale: [1, 1]
        rotation: [0, 0, 0, 1]
        pivot: [0.5, 0.5]
        anchor: [0.5, 0.5]
      - id: 9729858330304016386
        type: 8
        enabled: true
      - id: 5191396133750166036
        type: 15
        enabled: true
        class_name: RoomTeleporter
        "'_touching@bool'": false
        "'_target@GameObject*'": 0
        "'_fade_image@ComponentImage*'": 8387983827092942076
        "'_fade_duration@float'": 0.25
    child:
      - id: 8387983827092942076
        name: Fade Image
        enabled: true
        component:
          - id: 9146934605881904260
            type: 1
            enabled: true
            position: [0, 0, 0]
            rotation: [0, 0, 0, 1]
            scale: [1, 1, 1]
          - id: 5863407312963060836
            type: 10
            enabled: true
            position: [0, 0, 0]
            size: [20, 20]
            scale: [1, 1]
            rotation: [0, 0, 0, 1]
            pivot: [0.5, 0.5]
            anchor: [0.5, 0.5]
          - id: 5451714096206073844
            type: 9
            enabled: true
          - id: 3646718202849339133
            type: 11
            enabled: true
            image_id: 0
            hover_image_id: 0
            use_image: false
            use_hover_image: false
            image_color: [0, 0, 0, 0]
            hover_image_color: [1, 1, 1, 1]
  - id: 14796290207810575939
    name: BakerHouse
    enabled: true
    component:
      - id: 14363396149722812932
        type: 1
        enabled: true
        position: [0, 0, 0]
        rotation: [0, 0, 0, 1]
        scale: [1, 1, 1]
    child:
      - id: 5790873862774067721
        name: Chimney
        enabled: true
        component:
          - id: 8896649745524967779
            type: 1
            enabled: true
            position: [0, 0, 0]
            rotation: [-0.707106829, 0, 0, 0.707106769]
            scale: [100, 99.9999619, 99.9999619]
          - id: 1779474837286561683
            type: 2
            enabled: true
            mesh_id: 7544551443759936381
            navigable: false
            visible: true
            material_id: 7765775954106249835
      - id: 12552009054929124457
        name: Baker_house
        enabled: true
        component:
          - id: 4267974564659697958
            type: 1
            enabled: true
            position: [18.2260475, 0, 0]
            rotation: [-0.707106829, 0, 0, 0.707106769]
            scale: [433, 432.999725, 432.999725]
          - id: 4253459948715977314
            type: 2
            enabled: true
            mesh_id: 3581704332068092856
            navigable: false
            visible: true
            material_id: 7765775954106249835