General:
  id: 4122415254351305132
  type: 3
  hash: 9868685823773596603
model_name: Level_t3_AC
material:
  - id: 591476362423632498
    name: MainPath_base
  - id: 10216485197594058015
    name: PLayer_base
  - id: 12009901521455883502
    name: CrystalPlatf_base
  - id: 1319351983616265282
    name: Platform_base
  - id: 15391043443022450952
    name: FoorTile_base
  - id: 14573737311068852549
    name: Column_base
  - id: 9017725074349764049
    name: RockPath_base
  - id: 6714428617011210084
    name: QuickSand_base
  - id: 8287947978525982175
    name: TerrainDesert_base
  - id: 1777275952243846573
    name: TerrainWater_base
  - id: 10090525868109205150
    name: CrystalR_base
  - id: 4346661188474033775
    name: CrystalB_base
  - id: 15746357707807155610
    name: Totem_base
mesh:
  - id: 16171664869888304056
    material_index: 0
  - id: 3904906771298870360
    material_index: 1
  - id: 6598375460067701033
    material_index: 2
  - id: 8371349279358040389
    material_index: 3
  - id: 16023147500067134895
    material_index: 4
  - id: 9368392327720286633
    material_index: 5
  - id: 9241679553326718499
    material_index: 6
  - id: 591572687140518984
    material_index: 2
  - id: 970664373416584198
    material_index: 7
  - id: 10899169723255732269
    material_index: 7
  - id: 473608188449527247
    material_index: 2
  - id: 6317464552250096413
    material_index: 0
  - id: 9959510131979874129
    material_index: 6
  - id: 2099230886113621809
    material_index: 4
  - id: 17872523530707336804
    material_index: 1
  - id: 6168610295276096297
    material_index: 0
  - id: 17946334806112506837
    material_index: 4
  - id: 8337310918445732457
    material_index: 5
  - id: 15667004210799889979
    material_index: 3
  - id: 12536758614957834441
    material_index: 6
  - id: 3420702982589609881
    material_index: 8
  - id: 12538343464699055441
    material_index: 9
  - id: 13658966404947488147
    material_index: 1
  - id: 17639385279107751106
    material_index: 4
  - id: 15007589734723678236
    material_index: 8
  - id: 16513764547517794408
    material_index: 8
  - id: 7163771291376493939
    material_index: 7
  - id: 11541977153769721701
    material_index: 9
  - id: 7512418113747783322
    material_index: 1
  - id: 5435216776588256530
    material_index: 10
  - id: 3120774036394092409
    material_index: 4
  - id: 6012112446087253126
    material_index: 10
  - id: 4381282959382273789
    material_index: 11
  - id: 2925402903525952607
    material_index: 4
  - id: 419392389296987419
    material_index: 5
  - id: 12550569203456674645
    material_index: 12
  - id: 7046193465980520827
    material_index: 5
  - id: 10309169150775582620
    material_index: 12
name: RootNode
transform: [1, 0, 0, 0, 0, 1, 0, 0, 0, 0, 1, 0, 0, 0, 0, 1]
child:
  - name: MainPath_01
    transform: [0.0827862024, 0.996567309, 0, -182.93988, -5.94000404e-08, 4.93444219e-09, 0.99999994, -3.81469727e-06, 0.996567249, -0.082786195, 5.96046448e-08, 7.35212755, 0, 0, 0, 1]
    mesh_index:
      - 0
  - name: Player_01
    transform: [-0.00438547134, 0.999990463, 0, -39.1560211, -5.96040763e-08, -2.61394462e-10, 0.99999994, 0.287836552, 0.999990404, 0.00438547088, 5.96046448e-08, 16.3255844, 0, 0, 0, 1]
    mesh_index:
      - 1
  - name: CrstalPlatform_01
    transform: [0.346137792, -0.938183665, -7.3679427e-09, -45.7510834, 9.66920908e-08, 2.78206151e-08, 0.99999994, -0.376915574, -0.938183606, -0.346137762, 1.00344707e-07, -0.684082091, 0, 0, 0, 1]
    mesh_index:
      - 2
  - name: Platforms_01
    transform: [-1.1920929e-07, 0.999990463, 0.00438541174, -90.3453903, 0.99999994, 2.95409261e-08, -5.96052061e-08, -0.119918823, 2.98023224e-08, 0.00438547088, -0.999990404, 31.3772945, 0, 0, 0, 1]
    mesh_index:
      - 3
  - name: Structure_01
    transform: [-1.1920929e-07, 0.999990463, 0.00438541174, -87.3504562, 0.99999994, 2.95409261e-08, -5.96052061e-08, -0.19118166, 2.98023224e-08, 0.00438547088, -0.999990404, 32.5317459, 0, 0, 0, 1]
    mesh_index:
      - 4
  - name: Column_01
    transform: [-0.00438547134, 0.999990463, 0, -86.2611389, -5.96040763e-08, -2.61394462e-10, 0.99999994, -15.9411554, 0.999990404, 0.00438547088, 5.96046448e-08, 32.1033325, 0, 0, 0, 1]
    mesh_index:
      - 5
  - name: RocksPath_01
    transform: [-0.991150737, 0.132651597, -0.00486705964, -102.053612, -7.91197152e-09, 0.0366658121, 0.99932754, 7.79653215, 0.13274084, 0.990484178, -0.0363413468, 39.4971886, 0, 0, 0, 1]
    mesh_index:
      - 6
  - name: Oassis_01
    transform: [-1.1920929e-07, 0.999990463, 0.00438541174, -78.4664001, 0.99999994, 2.95409261e-08, -5.96052061e-08, 9.60068321, 2.98023224e-08, 0.00438547088, -0.999990404, 80.3526306, 0, 0, 0, 1]
    mesh_index:
      - 7
  - name: QuickSand_01
    transform: [0.3378959, 0.941183448, 0, 14.5907269, -5.60989051e-08, 2.01401651e-08, 0.99999994, 1.37610531, 0.941183388, -0.33789587, 5.96046448e-08, 23.0375156, 0, 0, 0, 1]
    mesh_index:
      - 8
  - name: QuickSand_02
    transform: [-0.0915236473, 0.99580282, 0, -71.2438507, -5.93544733e-08, -5.45523449e-09, 0.99999994, 0.0654727444, 0.99580276, 0.0915236399, 5.96046448e-08, 13.091033, 0, 0, 0, 1]
    mesh_index:
      - 9
  - name: CrystalPlatform_01
    transform: [0.346137792, -0.16291374, -0.923930585, -12.9543991, 2.61177853e-08, -0.984807789, 0.173647925, 4.88196182, -0.938183606, -0.0601060949, -0.340879261, 43.8235207, 0, 0, 0, 1]
    mesh_index:
      - 10
  - name: Main_Path01
    transform: [0.0827862024, 0.996567309, 0, 26.714716, -5.94000404e-08, 4.93444219e-09, 0.99999994, 1.37252998, 0.996567249, -0.082786195, 5.96046448e-08, 11.1704254, 0, 0, 0, 1]
    mesh_index:
      - 11
  - name: RockPath_01
    transform: [-1.1920929e-07, 0.941183925, -0.337894887, 15.1621494, 0.99999994, 1.09547059e-07, 5.60989335e-08, 1.4850142, 2.98023224e-08, -0.337894827, -0.941183865, 0.41014275, 0, 0, 0, 1]
    mesh_index:
      - 12
  - name: Structure_01001
    transform: [-0.908152878, 0.418639064, 0, 27.778141, -2.49528327e-08, -5.41301297e-08, 0.99999994, 1.35451698, 0.418639034, 0.908152819, 5.96046448e-08, 7.64872932, 0, 0, 0, 1]
    mesh_index:
      - 13
  - name: Player_01001
    transform: [-0.00438547134, 0.999990463, 0, 50.7527924, -5.96040763e-08, -2.61394462e-10, 0.99999994, 1.33276582, 0.999990404, 0.00438547088, 5.96046448e-08, -11.2024641, 0, 0, 0, 1]
    mesh_index:
      - 14
  - name: MainPath_01001
    transform: [0.0827862024, 0.996567309, 0, 83.0101776, -5.94000404e-08, 4.93444219e-09, 0.99999994, 1.0725441, 0.996567249, -0.082786195, 5.96046448e-08, -69.8480682, 0, 0, 0, 1]
    mesh_index:
      - 15
  - name: Structure_01002
    transform: [0.00438505411, -0.999990463, 0, 94.3505249, 5.96040763e-08, 2.61369593e-10, 0.99999994, 1.06349182, -0.999990404, -0.00438505365, 5.96046448e-08, -79.0585861, 0, 0, 0, 1]
    mesh_index:
      - 16
  - name: Column_01001
    transform: [-0.00438547134, 0.999990463, 0, 107.850494, -5.96040763e-08, -2.61394462e-10, 0.99999994, 1.06346893, 0.999990404, 0.00438547088, 5.96046448e-08, -78.9993973, 0, 0, 0, 1]
    mesh_index:
      - 17
  - name: Platform_01
    transform: [-1.1920929e-07, 0.999990463, 0.00438541174, 121.296829, 0.99999994, 2.95409261e-08, -5.96052061e-08, 0.984767914, 2.98023224e-08, 0.00438547088, -0.999990404, -66.7902756, 0, 0, 0, 1]
    mesh_index:
      - 18
  - name: RocksPath_01001
    transform: [0.639421523, -0.765930593, 0.067010507, 95.5535049, -8.30803089e-08, -0.0871561393, -0.99619478, 2.9475441, 0.768856287, 0.636988401, -0.0557295904, -61.5705643, 0, 0, 0, 1]
    mesh_index:
      - 19
  - name: TerrainDesert_01
    transform: [0.0535171591, 0.780097365, -0.623365164, 34.3559265, 0.81893903, 0.322913378, 0.474410892, -10.4099808, 0.571379662, -0.535887063, -0.621570766, -89.707222, 0, 0, 0, 1]
    mesh_index:
      - 20
  - name: TerrainWater_02
    transform: [-0.00438547134, 0.999990463, 0, 57.2549515, -5.96040763e-08, -2.61394462e-10, 0.99999994, -18.1689281, 0.999990404, 0.00438547088, 5.96046448e-08, -83.0306549, 0, 0, 0, 1]
    mesh_index:
      - 21
  - name: Player_01002
    transform: [-0.00438547134, 0.999990463, 0, 178.222778, -5.96040763e-08, -2.61394462e-10, 0.99999994, -23.8059006, 0.999990404, 0.00438547088, 5.96046448e-08, -70.5695419, 0, 0, 0, 1]
    mesh_index:
      - 22
  - name: FloorTile_01
    transform: [-1.1920929e-07, 0.999990463, 0.00438541174, 211.387848, 0.99999994, 2.95409261e-08, -5.96052061e-08, -23.9674797, 2.98023224e-08, 0.00438547088, -0.999990404, -87.39534, 0, 0, 0, 1]
    mesh_index:
      - 23
  - name: TerrainDesert_01001
    transform: [0.169327617, -0.853519976, -0.492779732, 149.495285, -1.40404666e-08, 0.499999821, -0.866025388, -32.3704224, 0.985559821, 0.146641985, 0.0846637785, -89.7433243, 0, 0, 0, 1]
    mesh_index:
      - 24
  - name: TerreinDesert_01
    transform: [-0.00438547134, 0.999990463, 0, -75.8515015, -5.96040763e-08, -2.61394462e-10, 0.99999994, -27.4024105, 0.999990404, 0.00438547088, 5.96046448e-08, 43.506424, 0, 0, 0, 1]
    mesh_index:
      - 25
  - name: QuickSand_01001
    transform: [-0.00438547134, 0.999990463, 0, 177.254791, -5.96040763e-08, -2.61394462e-10, 0.99999994, -23.8649197, 0.999990404, 0.00438547088, 5.96046448e-08, -79.6189651, 0, 0, 0, 1]
    mesh_index:
      - 26
  - name: Oasis
    transform: [0.496197283, 0.868209839, 0, 188.093689, -5.1749339e-08, 2.95756628e-08, 0.99999994, -23.8568344, 0.868209779, -0.496197253, 5.96046448e-08, -71.0675278, 0, 0, 0, 1]
    mesh_index:
      - 27
  - name: Plants_01
    transform: [-0.00438547134, 0.999990463, 0, 191.595581, -5.96040763e-08, -2.61394462e-10, 0.602617979, -23.9750099, 0.999990404, 0.00438547088, 3.59188341e-08, -69.2723465, 0, 0, 0, 1]
    mesh_index:
      - 28
  - name: CrystalsR_01
    transform: [-0.00438547134, 0.999990463, 0, 185.074173, -5.96040763e-08, -2.61394462e-10, 0.99999994, -24.0343971, 0.999990404, 0.00438547088, 5.96046448e-08, -75.3656464, 0, 0, 0, 1]
    mesh_index:
      - 29
  - name: FloorTile_01001
    transform: [-1.1920929e-07, 0.999990463, 0.00438541174, -209.224808, 0.99999994, 2.95409261e-08, -5.96052061e-08, -0.119914055, 2.98023224e-08, 0.00438547088, -0.999990404, 7.81654263, 0, 0, 0, 1]
    mesh_index:
      - 30
  - name: CrystalR_01
    transform: [-0.00438547134, 0.999990463, 0, -58.335659, -5.96040763e-08, -2.61394462e-10, 0.99999994, 0.158239305, 0.999990404, 0.00438547088, 5.96046448e-08, 12.043292, 0, 0, 0, 1]
    mesh_index:
      - 31
  - name: CrystalB_01
    transform: [0.413133442, 0.896701276, -0.158894986, -101.674332, -0.10468708, 0.220088258, 0.969846189, 9.19902992, 0.904633284, -0.384041637, 0.184798852, 42.9775047, 0, 0, 0, 1]
    mesh_index:
      - 32
  - name: FloorTile_01002
    transform: [-1.1920929e-07, 0.985559762, -0.169327751, 12.92663, 1, 3.98950348e-08, 5.87439395e-08, 1.33464193, 8.94069743e-08, -0.169327646, -0.985559702, 4.82154036, 0, 0, 0, 1]
    mesh_index:
      - 33
  - name: Columns_01
    transform: [-0.0915236473, 0.99580282, 0, 66.6703262, -5.93544733e-08, -5.45523449e-09, 0.99999994, -19.8274231, 0.99580276, 0.0915236399, 5.96046448e-08, -64.6147614, 0, 0, 0, 1]
    mesh_index:
      - 34
  - name: Totem_01
    transform: [-0.455971539, -0.00199962291, 0, -1.83259106, 1.19186813e-10, -2.71780216e-08, 0.45597586, 4.04522896, -0.00199962268, 0.455971509, 2.7178281e-08, 10.6180639, 0, 0, 0, 1]
    mesh_index:
      - 35
  - name: StructureOrb_01
    transform: [0.00438559055, -0.999990463, 0, 190.401871, 5.96040763e-08, 2.61401567e-10, 0.99999994, 1.11125469, -0.999990404, -0.00438559009, 5.96046448e-08, -90.6373978, 0, 0, 0, 1]
    mesh_index:
      - 36
  - name: Totem_01001
    transform: [0.455971509, 0.00199969183, 0, 181.786316, -1.19190921e-10, 2.71780198e-08, 0.45597586, -21.0178604, 0.00199969183, -0.455971479, 2.7178281e-08, -88.9938354, 0, 0, 0, 1]
    mesh_index:
      - 37