General:
  id: 8352162813644878179
  type: 3
  last_write: [3164914802, 30955932]
model_name: Level_t3_AC
material:
  - id: 11113610435235211473
    name: MainPath_base
  - id: 11376092331853705302
    name: PLayer_base
  - id: 17248903708337337167
    name: CrystalPlatf_base
  - id: 376923666448233632
    name: Platform_base
  - id: 16526543155864191347
    name: FoorTile_base
  - id: 10195997126136696123
    name: Column_base
  - id: 1354467879522388490
    name: RockPath_base
  - id: 1235970421981754191
    name: QuickSand_base
  - id: 12955300331872648730
    name: TerrainDesert_base
  - id: 15768633182682217358
    name: TerrainWater_base
  - id: 18243386991576463733
    name: CrystalR_base
  - id: 8343918456971293157
    name: CrystalB_base
  - id: 8983831796382074256
    name: Totem_base
mesh:
  - id: 9754433763220256540
    material_index: 0
  - id: 3092194692575485269
    material_index: 1
  - id: 10100979462577052989
    material_index: 2
  - id: 14295819212480018639
    material_index: 3
  - id: 16796787687472798077
    material_index: 4
  - id: 15891012859334528021
    material_index: 5
  - id: 17890175579012459586
    material_index: 6
  - id: 15972068718827117172
    material_index: 2
  - id: 2612238814977210206
    material_index: 7
  - id: 300109336115493449
    material_index: 7
  - id: 16641730535575834710
    material_index: 2
  - id: 9631133832254112263
    material_index: 0
  - id: 11505703670002893678
    material_index: 6
  - id: 635871434586937834
    material_index: 4
  - id: 10840136825217626061
    material_index: 1
  - id: 16998413071066516127
    material_index: 0
  - id: 13818020378097870287
    material_index: 4
  - id: 13300076406266192793
    material_index: 5
  - id: 5509737316993898611
    material_index: 3
  - id: 17242678276251571758
    material_index: 6
  - id: 14776798541011729677
    material_index: 8
  - id: 15751174250871321413
    material_index: 9
  - id: 1417174256425336747
    material_index: 1
  - id: 12478663496117773601
    material_index: 4
  - id: 41666157666788937
    material_index: 8
  - id: 2381142397916247243
    material_index: 8
  - id: 8820289545798256035
    material_index: 7
  - id: 17879650816353719108
    material_index: 9
  - id: 8679005288241736139
    material_index: 1
  - id: 12723972493235259495
    material_index: 10
  - id: 8150727811907374131
    material_index: 4
  - id: 14365501471562074633
    material_index: 10
  - id: 10455376400783865688
    material_index: 11
  - id: 14623021925800159333
    material_index: 4
  - id: 7344731553586409110
    material_index: 5
  - id: 3873434689745231122
    material_index: 12
  - id: 18229380650407387884
    material_index: 5
  - id: 9284116499161064713
    material_index: 12
name: RootNode
transform: [1, 0, 0, 0, 0, 1, 0, 0, 0, 0, 1, 0, 0, 0, 0, 1]
child:
  - name: MainPath_01
    transform: [0.0827862024, 0.996567309, 0, -182.93988, -5.94000404e-08, 4.93444219e-09, 0.99999994, -3.81469727e-06, 0.996567249, -0.082786195, 5.96046448e-08, 7.35212755, 0, 0, 0, 1]
    mesh_index:
      - 0
  - name: Player_01
    transform: [-0.00438547134, 0.999990463, 0, -39.1560211, -5.96040763e-08, -2.61394462e-10, 0.99999994, 0.287836552, 0.999990404, 0.00438547088, 5.96046448e-08, 16.3255844, 0, 0, 0, 1]
    mesh_index:
      - 1
  - name: CrstalPlatform_01
    transform: [0.346137792, -0.938183665, -7.3679427e-09, -45.7510834, 9.66920908e-08, 2.78206151e-08, 0.99999994, -0.376915574, -0.938183606, -0.346137762, 1.00344707e-07, -0.684082091, 0, 0, 0, 1]
    mesh_index:
      - 2
  - name: Platforms_01
    transform: [-1.1920929e-07, 0.999990463, 0.00438541174, -90.3453903, 0.99999994, 2.95409261e-08, -5.96052061e-08, -0.119918823, 2.98023224e-08, 0.00438547088, -0.999990404, 31.3772945, 0, 0, 0, 1]
    mesh_index:
      - 3
  - name: Structure_01
    transform: [-1.1920929e-07, 0.999990463, 0.00438541174, -87.3504562, 0.99999994, 2.95409261e-08, -5.96052061e-08, -0.19118166, 2.98023224e-08, 0.00438547088, -0.999990404, 32.5317459, 0, 0, 0, 1]
    mesh_index:
      - 4
  - name: Column_01
    transform: [-0.00438547134, 0.999990463, 0, -86.2611389, -5.96040763e-08, -2.61394462e-10, 0.99999994, -15.9411554, 0.999990404, 0.00438547088, 5.96046448e-08, 32.1033325, 0, 0, 0, 1]
    mesh_index:
      - 5
  - name: RocksPath_01
    transform: [-0.991150737, 0.132651597, -0.00486705964, -102.053612, -7.91197152e-09, 0.0366658121, 0.99932754, 7.79653215, 0.13274084, 0.990484178, -0.0363413468, 39.4971886, 0, 0, 0, 1]
    mesh_index:
      - 6
  - name: Oassis_01
    transform: [-1.1920929e-07, 0.999990463, 0.00438541174, -78.4664001, 0.99999994, 2.95409261e-08, -5.96052061e-08, 9.60068321, 2.98023224e-08, 0.00438547088, -0.999990404, 80.3526306, 0, 0, 0, 1]
    mesh_index:
      - 7
  - name: QuickSand_01
    transform: [0.3378959, 0.941183448, 0, 14.5907269, -5.60989051e-08, 2.01401651e-08, 0.99999994, 1.37610531, 0.941183388, -0.33789587, 5.96046448e-08, 23.0375156, 0, 0, 0, 1]
    mesh_index:
      - 8
  - name: QuickSand_02
    transform: [-0.0915236473, 0.99580282, 0, -71.2438507, -5.93544733e-08, -5.45523449e-09, 0.99999994, 0.0654727444, 0.99580276, 0.0915236399, 5.96046448e-08, 13.091033, 0, 0, 0, 1]
    mesh_index:
      - 9
  - name: CrystalPlatform_01
    transform: [0.346137792, -0.16291374, -0.923930585, -12.9543991, 2.61177853e-08, -0.984807789, 0.173647925, 4.88196182, -0.938183606, -0.0601060949, -0.340879261, 43.8235207, 0, 0, 0, 1]
    mesh_index:
      - 10
  - name: Main_Path01
    transform: [0.0827862024, 0.996567309, 0, 26.714716, -5.94000404e-08, 4.93444219e-09, 0.99999994, 1.37252998, 0.996567249, -0.082786195, 5.96046448e-08, 11.1704254, 0, 0, 0, 1]
    mesh_index:
      - 11
  - name: RockPath_01
    transform: [-1.1920929e-07, 0.941183925, -0.337894887, 15.1621494, 0.99999994, 1.09547059e-07, 5.60989335e-08, 1.4850142, 2.98023224e-08, -0.337894827, -0.941183865, 0.41014275, 0, 0, 0, 1]
    mesh_index:
      - 12
  - name: Structure_01001
    transform: [-0.908152878, 0.418639064, 0, 27.778141, -2.49528327e-08, -5.41301297e-08, 0.99999994, 1.35451698, 0.418639034, 0.908152819, 5.96046448e-08, 7.64872932, 0, 0, 0, 1]
    mesh_index:
      - 13
  - name: Player_01001
    transform: [-0.00438547134, 0.999990463, 0, 50.7527924, -5.96040763e-08, -2.61394462e-10, 0.99999994, 1.33276582, 0.999990404, 0.00438547088, 5.96046448e-08, -11.2024641, 0, 0, 0, 1]
    mesh_index:
      - 14
  - name: MainPath_01001
    transform: [0.0827862024, 0.996567309, 0, 83.0101776, -5.94000404e-08, 4.93444219e-09, 0.99999994, 1.0725441, 0.996567249, -0.082786195, 5.96046448e-08, -69.8480682, 0, 0, 0, 1]
    mesh_index:
      - 15
  - name: Structure_01002
    transform: [0.00438505411, -0.999990463, 0, 94.3505249, 5.96040763e-08, 2.61369593e-10, 0.99999994, 1.06349182, -0.999990404, -0.00438505365, 5.96046448e-08, -79.0585861, 0, 0, 0, 1]
    mesh_index:
      - 16
  - name: Column_01001
    transform: [-0.00438547134, 0.999990463, 0, 107.850494, -5.96040763e-08, -2.61394462e-10, 0.99999994, 1.06346893, 0.999990404, 0.00438547088, 5.96046448e-08, -78.9993973, 0, 0, 0, 1]
    mesh_index:
      - 17
  - name: Platform_01
    transform: [-1.1920929e-07, 0.999990463, 0.00438541174, 121.296829, 0.99999994, 2.95409261e-08, -5.96052061e-08, 0.984767914, 2.98023224e-08, 0.00438547088, -0.999990404, -66.7902756, 0, 0, 0, 1]
    mesh_index:
      - 18
  - name: RocksPath_01001
    transform: [0.639421523, -0.765930593, 0.067010507, 95.5535049, -8.30803089e-08, -0.0871561393, -0.99619478, 2.9475441, 0.768856287, 0.636988401, -0.0557295904, -61.5705643, 0, 0, 0, 1]
    mesh_index:
      - 19
  - name: TerrainDesert_01
    transform: [0.0535171591, 0.780097365, -0.623365164, 34.3559265, 0.81893903, 0.322913378, 0.474410892, -10.4099808, 0.571379662, -0.535887063, -0.621570766, -89.707222, 0, 0, 0, 1]
    mesh_index:
      - 20
  - name: TerrainWater_02
    transform: [-0.00438547134, 0.999990463, 0, 57.2549515, -5.96040763e-08, -2.61394462e-10, 0.99999994, -18.1689281, 0.999990404, 0.00438547088, 5.96046448e-08, -83.0306549, 0, 0, 0, 1]
    mesh_index:
      - 21
  - name: Player_01002
    transform: [-0.00438547134, 0.999990463, 0, 178.222778, -5.96040763e-08, -2.61394462e-10, 0.99999994, -23.8059006, 0.999990404, 0.00438547088, 5.96046448e-08, -70.5695419, 0, 0, 0, 1]
    mesh_index:
      - 22
  - name: FloorTile_01
    transform: [-1.1920929e-07, 0.999990463, 0.00438541174, 211.387848, 0.99999994, 2.95409261e-08, -5.96052061e-08, -23.9674797, 2.98023224e-08, 0.00438547088, -0.999990404, -87.39534, 0, 0, 0, 1]
    mesh_index:
      - 23
  - name: TerrainDesert_01001
    transform: [0.169327617, -0.853519976, -0.492779732, 149.495285, -1.40404666e-08, 0.499999821, -0.866025388, -32.3704224, 0.985559821, 0.146641985, 0.0846637785, -89.7433243, 0, 0, 0, 1]
    mesh_index:
      - 24
  - name: TerreinDesert_01
    transform: [-0.00438547134, 0.999990463, 0, -75.8515015, -5.96040763e-08, -2.61394462e-10, 0.99999994, -27.4024105, 0.999990404, 0.00438547088, 5.96046448e-08, 43.506424, 0, 0, 0, 1]
    mesh_index:
      - 25
  - name: QuickSand_01001
    transform: [-0.00438547134, 0.999990463, 0, 177.254791, -5.96040763e-08, -2.61394462e-10, 0.99999994, -23.8649197, 0.999990404, 0.00438547088, 5.96046448e-08, -79.6189651, 0, 0, 0, 1]
    mesh_index:
      - 26
  - name: Oasis
    transform: [0.496197283, 0.868209839, 0, 188.093689, -5.1749339e-08, 2.95756628e-08, 0.99999994, -23.8568344, 0.868209779, -0.496197253, 5.96046448e-08, -71.0675278, 0, 0, 0, 1]
    mesh_index:
      - 27
  - name: Plants_01
    transform: [-0.00438547134, 0.999990463, 0, 191.595581, -5.96040763e-08, -2.61394462e-10, 0.602617979, -23.9750099, 0.999990404, 0.00438547088, 3.59188341e-08, -69.2723465, 0, 0, 0, 1]
    mesh_index:
      - 28
  - name: CrystalsR_01
    transform: [-0.00438547134, 0.999990463, 0, 185.074173, -5.96040763e-08, -2.61394462e-10, 0.99999994, -24.0343971, 0.999990404, 0.00438547088, 5.96046448e-08, -75.3656464, 0, 0, 0, 1]
    mesh_index:
      - 29
  - name: FloorTile_01001
    transform: [-1.1920929e-07, 0.999990463, 0.00438541174, -209.224808, 0.99999994, 2.95409261e-08, -5.96052061e-08, -0.119914055, 2.98023224e-08, 0.00438547088, -0.999990404, 7.81654263, 0, 0, 0, 1]
    mesh_index:
      - 30
  - name: CrystalR_01
    transform: [-0.00438547134, 0.999990463, 0, -58.335659, -5.96040763e-08, -2.61394462e-10, 0.99999994, 0.158239305, 0.999990404, 0.00438547088, 5.96046448e-08, 12.043292, 0, 0, 0, 1]
    mesh_index:
      - 31
  - name: CrystalB_01
    transform: [0.413133442, 0.896701276, -0.158894986, -101.674332, -0.10468708, 0.220088258, 0.969846189, 9.19902992, 0.904633284, -0.384041637, 0.184798852, 42.9775047, 0, 0, 0, 1]
    mesh_index:
      - 32
  - name: FloorTile_01002
    transform: [-1.1920929e-07, 0.985559762, -0.169327751, 12.92663, 1, 3.98950348e-08, 5.87439395e-08, 1.33464193, 8.94069743e-08, -0.169327646, -0.985559702, 4.82154036, 0, 0, 0, 1]
    mesh_index:
      - 33
  - name: Columns_01
    transform: [-0.0915236473, 0.99580282, 0, 66.6703262, -5.93544733e-08, -5.45523449e-09, 0.99999994, -19.8274231, 0.99580276, 0.0915236399, 5.96046448e-08, -64.6147614, 0, 0, 0, 1]
    mesh_index:
      - 34
  - name: Totem_01
    transform: [-0.455971539, -0.00199962291, 0, -1.83259106, 1.19186813e-10, -2.71780216e-08, 0.45597586, 4.04522896, -0.00199962268, 0.455971509, 2.7178281e-08, 10.6180639, 0, 0, 0, 1]
    mesh_index:
      - 35
  - name: StructureOrb_01
    transform: [0.00438559055, -0.999990463, 0, 190.401871, 5.96040763e-08, 2.61401567e-10, 0.99999994, 1.11125469, -0.999990404, -0.00438559009, 5.96046448e-08, -90.6373978, 0, 0, 0, 1]
    mesh_index:
      - 36
  - name: Totem_01001
    transform: [0.455971509, 0.00199969183, 0, 181.786316, -1.19190921e-10, 2.71780198e-08, 0.45597586, -21.0178604, 0.00199969183, -0.455971479, 2.7178281e-08, -88.9938354, 0, 0, 0, 1]
    mesh_index:
      - 37