id: 16250943307413384198
model_file_path: C:\Users\PC\Desktop\Master\Github\Hachiko-Engine\Game\assets\models\Player.fbx
material:
  - id: 2666552267691168624
    name: GunMaterial
  - id: 17649487138305697520
    name: PlayerMaterial
mesh:
  - id: 11528725812432921341
    material_index: 0
  - id: 14259964026201598289
    material_index: 1
name: RootNode
transform: [[1, 0, 0, 0], [0, 1, 0, 0], [0, 0, 1, 0], [0, 0, 0, 1]]
child:
  - name: Gun_$AssimpFbx$_Translation
    transform: [[1, 0, 0, 0], [0, 1, 0, 0], [0, 0, 1, 0], [0, 0, 0, 1]]
    child:
      - name: Gun_$AssimpFbx$_RotationPivot
        transform: [[1, 0, 0, -0.284610599], [0, 1, 0, 0.337250888], [0, 0, 1, 0.0785014257], [0, 0, 0, 1]]
        child:
          - name: Gun_$AssimpFbx$_Rotation
            transform: [[1, 0, 0, 0], [0, 1, 0, 0], [0, 0, 1, 0], [0, 0, 0, 1]]
            child:
              - name: Gun_$AssimpFbx$_RotationPivotInverse
                transform: [[1, 0, 0, 0.284610599], [0, 1, 0, -0.337250888], [0, 0, 1, -0.0785014257], [0, 0, 0, 1]]
                child:
                  - name: Gun_$AssimpFbx$_ScalingPivot
                    transform: [[1, 0, 0, -0.284610599], [0, 1, 0, 0.337250888], [0, 0, 1, 0.0785014257], [0, 0, 0, 1]]
                    child:
                      - name: Gun_$AssimpFbx$_ScalingPivotInverse
                        transform: [[1, 0, 0, 0.284610599], [0, 1, 0, -0.337250888], [0, 0, 1, -0.0785014257], [0, 0, 0, 1]]
                        child:
                          - name: Gun
                            transform: [[1, 0, 0, 0], [0, 1, 0, 0], [0, 0, 1, 0], [0, 0, 0, 1]]
                            mesh_index:
                              - 0
  - name: PlayerCtrl_$AssimpFbx$_RotationPivot
    transform: [[1, 0, 0, -0.0199999996], [0, 1, 0, 0], [0, 0, 1, 0], [0, 0, 0, 1]]
    child:
      - name: PlayerCtrl_$AssimpFbx$_RotationPivotInverse
        transform: [[1, 0, 0, 0.0199999996], [0, 1, 0, 0], [0, 0, 1, 0], [0, 0, 0, 1]]
        child:
          - name: PlayerCtrl_$AssimpFbx$_ScalingPivot
            transform: [[1, 0, 0, -0.0199999996], [0, 1, 0, 0], [0, 0, 1, 0], [0, 0, 0, 1]]
            child:
              - name: PlayerCtrl_$AssimpFbx$_ScalingPivotInverse
                transform: [[1, 0, 0, 0.0199999996], [0, 1, 0, 0], [0, 0, 1, 0], [0, 0, 0, 1]]
                child:
                  - name: PlayerCtrl
                    transform: [[1, 0, 0, 0], [0, 1, 0, 0], [0, 0, 1, 0], [0, 0, 0, 1]]
                    child:
                      - name: Root
                        transform: [[1, 0, 0, 0], [0, 1, 0, 0], [0, 0, 1, 0], [0, 0, 0, 1]]
                        child:
                          - name: Hips_$AssimpFbx$_Translation
                            transform: [[1, 0, 0, -0.134608597], [0, 1, 0, 0.163613811], [0, 0, 1, -0.0454037674], [0, 0, 0, 1]]
                            child:
                              - name: Hips_$AssimpFbx$_PreRotation
                                transform: [[1, 0, 0, 0], [0, 0.058942318, 0.998261333, 0], [0, -0.998261333, 0.058942318, 0], [0, 0, 0, 1]]
                                child:
                                  - name: Hips_$AssimpFbx$_Rotation
                                    transform: [[1, 0, 0, 0], [0, 1, 0, 0], [0, 0, 1, 0], [0, 0, 0, 1]]
                                    child:
                                      - name: Hips
                                        transform: [[1, 0, 0, 0], [0, 1, 0, 0], [0, 0, 1, 0], [0, 0, 0, 1]]
                                        child:
                                          - name: Spine_$AssimpFbx$_Translation
                                            transform: [[1, 0, 0, 0.0274275076], [0, 1, 0, 0.0653713271], [0, 0, 1, 0.149609923], [0, 0, 0, 1]]
                                            child:
                                              - name: Spine_$AssimpFbx$_PreRotation
                                                transform: [[1, 0, 0, 0], [0, 0.968965709, -0.24719514, 0], [0, 0.24719514, 0.968965709, 0], [0, 0, 0, 1]]
                                                child:
                                                  - name: Spine_$AssimpFbx$_Rotation
                                                    transform: [[0.326608866, 0.732810616, -0.596921504, 0], [-0.860189676, 0.492174178, 0.133560061, 0], [0.391663581, 0.469843775, 0.791104555, 0], [0, 0, 0, 1]]
                                                    child:
                                                      - name: Spine
                                                        transform: [[1, 0, 0, 0], [0, 1, 0, 0], [0, 0, 1, 0], [0, 0, 0, 1]]
                                                        child:
                                                          - name: Head_$AssimpFbx$_Translation
                                                            transform: [[1, 0, 0, 1.52009592e-17], [0, 1, 0, 0.020128822], [0, 0, 1, 0.232369661], [0, 0, 0, 1]]
                                                            child:
                                                              - name: Head_$AssimpFbx$_PreRotation
                                                                transform: [[0.999983013, 0, -0.00582357636, 0], [0.0010812541, 0.982612371, 0.185665265, 0], [0.00572231784, -0.185668409, 0.982595801, 0], [0, 0, 0, 1]]
                                                                child:
                                                                  - name: Head_$AssimpFbx$_Rotation
                                                                    transform: [[0.517837167, -0.844622254, 0.135859787, 0], [0.855123818, 0.506475508, -0.110660315, 0], [0.0246565007, 0.173480973, 0.984528482, 0], [0, 0, 0, 1]]
                                                                    child:
                                                                      - name: Head
                                                                        transform: [[1, 0, 0, 0], [0, 1, 0, 0], [0, 0, 1, 0], [0, 0, 0, 1]]
                                                                        child:
                                                                          - name: Hat1_$AssimpFbx$_Translation
                                                                            transform: [[1, 0, 0, 0.0112348069], [0, 1, 0, 0.0294139087], [0, 0, 1, 0.548026502], [0, 0, 0, 1]]
                                                                            child:
                                                                              - name: Hat1_$AssimpFbx$_PreRotation
                                                                                transform: [[0.999418139, -0.00417627068, 0.03385178, 0], [-0.021367237, 0.696937621, 0.716813266, 0], [-0.0265861899, -0.717119455, 0.696442962, 0], [0, 0, 0, 1]]
                                                                                child:
                                                                                  - name: Hat1_$AssimpFbx$_Rotation
                                                                                    transform: [[0.936290443, 0.250394166, -0.246298537, 0], [-0.231093481, 0.967264354, 0.104859501, 0], [0.264492005, -0.0412609689, 0.963504791, 0], [0, 0, 0, 1]]
                                                                                    child:
                                                                                      - name: Hat1
                                                                                        transform: [[1, 0, 0, 0], [0, 1, 0, 0], [0, 0, 1, 0], [0, 0, 0, 1]]
                                                                                        child:
                                                                                          - name: Hat2_$AssimpFbx$_Translation
                                                                                            transform: [[1, 0, 0, -0.0663901269], [0, 1, 0, -0.00896175578], [0, 0, 1, 0.33840251], [0, 0, 0, 1]]
                                                                                            child:
                                                                                              - name: Hat2_$AssimpFbx$_PreRotation
                                                                                                transform: [[0.89046365, 0.0140756071, 0.454836607, 0], [-0.225865006, 0.881379783, 0.414915204, 0], [-0.395043612, -0.472198606, 0.788015842, 0], [0, 0, 0, 1]]
                                                                                                child:
                                                                                                  - name: Hat2_$AssimpFbx$_Rotation
                                                                                                    transform: [[0.511600792, -0.471003562, -0.718623877, 0], [0.732735515, 0.675958276, 0.0786076337, 0], [0.448735237, -0.566776931, 0.690941811, 0], [0, 0, 0, 1]]
                                                                                                    child:
                                                                                                      - name: Hat2
                                                                                                        transform: [[1, 0, 0, 0], [0, 1, 0, 0], [0, 0, 1, 0], [0, 0, 0, 1]]
                                                                                                        child:
                                                                                                          - name: Hat3_$AssimpFbx$_Translation
                                                                                                            transform: [[1, 0, 0, 9.76996256e-17], [0, 1, 0, 2.04281027e-16], [0, 0, 1, 0.207841396], [0, 0, 0, 1]]
                                                                                                            child:
                                                                                                              - name: Hat3_$AssimpFbx$_PreRotation
                                                                                                                transform: [[0.887783349, 0.37766096, 0.263083339, 0], [-0.452692002, 0.613238871, 0.64730823, 0], [0.0831301063, -0.693765104, 0.715387464, 0], [0, 0, 0, 1]]
                                                                                                                child:
                                                                                                                  - name: Hat3_$AssimpFbx$_Rotation
                                                                                                                    transform: [[0.967903078, -0.236266807, -0.0856833756, 0], [0.240836695, 0.969403446, 0.0474861898, 0], [0.0718423426, -0.0665977374, 0.995190144, 0], [0, 0, 0, 1]]
                                                                                                                    child:
                                                                                                                      - name: Hat3
                                                                                                                        transform: [[1, 0, 0, 0], [0, 1, 0, 0], [0, 0, 1, 0], [0, 0, 0, 1]]
                                                                                                                        child:
                                                                                                                          - name: Hat4_$AssimpFbx$_Translation
                                                                                                                            transform: [[1, 0, 0, 8.881784e-18], [0, 1, 0, 6.66133775e-17], [0, 0, 1, 0.098135151], [0, 0, 0, 1]]
                                                                                                                            child:
                                                                                                                              - name: Hat4_$AssimpFbx$_PreRotation
                                                                                                                                transform: [[0.816728771, 0.507066488, 0.275386184, 0], [-0.528570294, 0.466018587, 0.709535062, 0], [0.231446445, -0.725058734, 0.648631096, 0], [0, 0, 0, 1]]
                                                                                                                                child:
                                                                                                                                  - name: Hat4_$AssimpFbx$_Rotation
                                                                                                                                    transform: [[0.960890949, -0.0989342704, -0.258651495, 0], [-0.0507928357, 0.855196834, -0.515808582, 0], [0.272229075, 0.508773446, 0.816725731, 0], [0, 0, 0, 1]]
                                                                                                                                    child:
                                                                                                                                      - name: Hat4
                                                                                                                                        transform: [[1, 0, 0, 0], [0, 1, 0, 0], [0, 0, 1, 0], [0, 0, 0, 1]]
                                                                                                                                        child:
                                                                                                                                          - name: Hat5_$AssimpFbx$_Translation
                                                                                                                                            transform: [[1, 0, 0, -1.90342531e-16], [0, 1, 0, -1.3322676e-17], [0, 0, 1, 0.135960162], [0, 0, 0, 1]]
                                                                                                                                            child:
                                                                                                                                              - name: Hat5_$AssimpFbx$_PreRotation
                                                                                                                                                transform: [[0.856728256, 0.0424982756, -0.514014184, 0], [-0.00700625964, 0.997466505, 0.0707921013, 0], [0.515720427, -0.0570482798, 0.854855478, 0], [0, 0, 0, 1]]
                                                                                                                                                child:
                                                                                                                                                  - name: Hat5_$AssimpFbx$_Rotation
                                                                                                                                                    transform: [[0.880400121, -0.445637047, 0.162182793, 0], [0.433307528, 0.894899249, 0.106770165, 0], [-0.192718029, -0.0237254351, 0.980967224, 0], [0, 0, 0, 1]]
                                                                                                                                                    child:
                                                                                                                                                      - name: Hat5
                                                                                                                                                        transform: [[1, 0, 0, 0], [0, 1, 0, 0], [0, 0, 1, 0], [0, 0, 0, 1]]
                                                                                                                                                        child:
                                                                                                                                                          - name: HatEnd_$AssimpFbx$_Translation
                                                                                                                                                            transform: [[1, 0, 0, 2.3014576e-16], [0, 1, 0, -4.10782524e-17], [0, 0, 1, 0.0892126635], [0, 0, 0, 1]]
                                                                                                                                                            child:
                                                                                                                                                              - name: HatEnd_$AssimpFbx$_PreRotation
                                                                                                                                                                transform: [[0.995138228, -0.0119355526, -0.0977624431, 0], [9.31322575e-10, 0.992629647, -0.121187478, 0], [0.0984883383, 0.120598286, 0.987803698, 0], [0, 0, 0, 1]]
                                                                                                                                                                child:
                                                                                                                                                                  - name: HatEnd
                                                                                                                                                                    transform: [[1, 0, 0, 0], [0, 1, 0, 0], [0, 0, 1, 0], [0, 0, 0, 1]]
                                                                          - name: LeftBrow3_$AssimpFbx$_Translation
                                                                            transform: [[1, 0, 0, 0.118064173], [0, 1, 0, -0.145256445], [0, 0, 1, 0.262666553], [0, 0, 0, 1]]
                                                                            child:
                                                                              - name: LeftBrow3_$AssimpFbx$_PreRotation
                                                                                transform: [[0.696609318, 0.00581407547, 0.717427015, 0], [0.716030478, 0.0572506189, -0.695717454, 0], [-0.0451181196, 0.998342991, 0.0357182622, 0], [0, 0, 0, 1]]
                                                                                child:
                                                                                  - name: LeftBrow3_$AssimpFbx$_Rotation
                                                                                    transform: [[1, 0, 0, 0], [0, 1, 0, 0], [0, 0, 1, 0], [0, 0, 0, 1]]
                                                                                    child:
                                                                                      - name: LeftBrow3
                                                                                        transform: [[1, 0, 0, 0], [0, 1, 0, 0], [0, 0, 1, 0], [0, 0, 0, 1]]
                                                                                        child:
                                                                                          - name: LeftBrow3End_$AssimpFbx$_Translation
                                                                                            transform: [[1, 0, 0, -7.1054272e-17], [0, 1, 0, -1.28785867e-16], [0, 0, 1, 0.184453756], [0, 0, 0, 1]]
                                                                                            child:
                                                                                              - name: LeftBrow3End_$AssimpFbx$_PreRotation
                                                                                                transform: [[0.991216779, 0.0697608218, 0.112351097, 0], [-0.053225603, 0.98814863, -0.143976778, 0], [-0.121063523, 0.13673225, 0.983182549, 0], [0, 0, 0, 1]]
                                                                                                child:
                                                                                                  - name: LeftBrow3End
                                                                                                    transform: [[1, 0, 0, 0], [0, 1, 0, 0], [0, 0, 1, 0], [0, 0, 0, 1]]
                                                                          - name: LeftBrow2_$AssimpFbx$_Translation
                                                                            transform: [[1, 0, 0, 0.118064173], [0, 1, 0, -0.145256445], [0, 0, 1, 0.262666553], [0, 0, 0, 1]]
                                                                            child:
                                                                              - name: LeftBrow2_$AssimpFbx$_PreRotation
                                                                                transform: [[0.916594744, 0.0639895275, 0.394663543, 0], [0.399483711, -0.106254689, -0.91056174, 0], [-0.0163315516, 0.992277801, -0.122955315, 0], [0, 0, 0, 1]]
                                                                                child:
                                                                                  - name: LeftBrow2_$AssimpFbx$_Rotation
                                                                                    transform: [[1, 0, 0, 0], [0, 1, 0, 0], [0, 0, 1, 0], [0, 0, 0, 1]]
                                                                                    child:
                                                                                      - name: LeftBrow2
                                                                                        transform: [[1, 0, 0, 0], [0, 1, 0, 0], [0, 0, 1, 0], [0, 0, 0, 1]]
                                                                                        child:
                                                                                          - name: LeftBrow2End_$AssimpFbx$_Translation
                                                                                            transform: [[1, 0, 0, -0.0034312841], [0, 1, 0, 0.00195151253], [0, 0, 1, 0.184212998], [0, 0, 0, 1]]
                                                                                            child:
                                                                                              - name: LeftBrow2End_$AssimpFbx$_PreRotation
                                                                                                transform: [[0.985130847, 0.139065906, 0.10088554, 0], [-0.150766268, 0.981319487, 0.119505867, 0], [-0.0823817551, -0.132939056, 0.987694502, 0], [0, 0, 0, 1]]
                                                                                                child:
                                                                                                  - name: LeftBrow2End
                                                                                                    transform: [[1, 0, 0, 0], [0, 1, 0, 0], [0, 0, 1, 0], [0, 0, 0, 1]]
                                                                          - name: LeftBrow1_$AssimpFbx$_Translation
                                                                            transform: [[1, 0, 0, 0.118064173], [0, 1, 0, -0.145256445], [0, 0, 1, 0.262666553], [0, 0, 0, 1]]
                                                                            child:
                                                                              - name: LeftBrow1_$AssimpFbx$_PreRotation
                                                                                transform: [[0.999922991, 0.00568764471, 0.0110304505, 0], [0.00955150835, 0.214798033, -0.976611793, 0], [-0.0079239402, 0.976641953, 0.214727163, 0], [0, 0, 0, 1]]
                                                                                child:
                                                                                  - name: LeftBrow1_$AssimpFbx$_Rotation
                                                                                    transform: [[1, 0, 0, 0], [0, 1, 0, 0], [0, 0, 1, 0], [0, 0, 0, 1]]
                                                                                    child:
                                                                                      - name: LeftBrow1
                                                                                        transform: [[1, 0, 0, 0], [0, 1, 0, 0], [0, 0, 1, 0], [0, 0, 0, 1]]
                                                                                        child:
                                                                                          - name: LeftBrow1End_$AssimpFbx$_Translation
                                                                                            transform: [[1, 0, 0, -1.38777878e-17], [0, 1, 0, 1.6431301e-16], [0, 0, 1, 0.184020475], [0, 0, 0, 1]]
                                                                                            child:
                                                                                              - name: LeftBrow1End_$AssimpFbx$_PreRotation
                                                                                                transform: [[0.999952197, -0.000922582578, -0.00973616913, 0], [2.91038305e-11, 0.99554044, -0.0943356976, 0], [0.00977978297, 0.0943311825, 0.995492816, 0], [0, 0, 0, 1]]
                                                                                                child:
                                                                                                  - name: LeftBrow1End
                                                                                                    transform: [[1, 0, 0, 0], [0, 1, 0, 0], [0, 0, 1, 0], [0, 0, 0, 1]]
                                                                          - name: RightBrow1_$AssimpFbx$_Translation
                                                                            transform: [[1, 0, 0, -0.114997387], [0, 1, 0, -0.145256504], [0, 0, 1, 0.264023513], [0, 0, 0, 1]]
                                                                            child:
                                                                              - name: RightBrow1_$AssimpFbx$_PreRotation
                                                                                transform: [[0.999947429, -0.0056876461, 0.00852878485, 0], [-0.00955151021, -0.214798331, 0.976611853, 0], [-0.00372265372, -0.976642013, -0.214841366, 0], [0, 0, 0, 1]]
                                                                                child:
                                                                                  - name: RightBrow1_$AssimpFbx$_Rotation
                                                                                    transform: [[1, 0, 0, 0], [0, 1, 0, 0], [0, 0, 1, 0], [0, 0, 0, 1]]
                                                                                    child:
                                                                                      - name: RightBrow1
                                                                                        transform: [[1, 0, 0, 0], [0, 1, 0, 0], [0, 0, 1, 0], [0, 0, 0, 1]]
                                                                                        child:
                                                                                          - name: RightBrow1End_$AssimpFbx$_Translation
                                                                                            transform: [[1, 0, 0, 6.79825007e-07], [0, 1, 0, -1.35318089e-07], [0, 0, 1, -0.184020415], [0, 0, 0, 1]]
                                                                                            child:
                                                                                              - name: RightBrow1End_$AssimpFbx$_PreRotation
                                                                                                transform: [[0.999952197, -0.000922582578, -0.00973616913, 0], [2.91038305e-11, 0.99554044, -0.0943356976, 0], [0.00977978297, 0.0943311825, 0.995492816, 0], [0, 0, 0, 1]]
                                                                                                child:
                                                                                                  - name: RightBrow1End_$AssimpFbx$_Rotation
                                                                                                    transform: [[0.999952197, -2.91038305e-11, 0.0097797839, 0], [-0.000922582694, 0.99554044, 0.0943311825, 0], [-0.00973617006, -0.0943356976, 0.995492816, 0], [0, 0, 0, 1]]
                                                                                                    child:
                                                                                                      - name: RightBrow1End
                                                                                                        transform: [[1, 0, 0, 0], [0, 1, 0, 0], [0, 0, 1, 0], [0, 0, 0, 1]]
                                                                          - name: RightBrow2_$AssimpFbx$_Translation
                                                                            transform: [[1, 0, 0, -0.114997387], [0, 1, 0, -0.145256504], [0, 0, 1, 0.264023513], [0, 0, 0, 1]]
                                                                            child:
                                                                              - name: RightBrow2_$AssimpFbx$_PreRotation
                                                                                transform: [[0.916722834, 0.0524281561, 0.396068871, 0], [-0.3994838, 0.106254578, 0.910561681, 0], [0.00565493107, -0.992955863, 0.1183502, 0], [0, 0, 0, 1]]
                                                                                child:
                                                                                  - name: RightBrow2_$AssimpFbx$_Rotation
                                                                                    transform: [[1, 0, 0, 0], [0, 1, 0, 0], [0, 0, 1, 0], [0, 0, 0, 1]]
                                                                                    child:
                                                                                      - name: RightBrow2
                                                                                        transform: [[1, 0, 0, 0], [0, 1, 0, 0], [0, 0, 1, 0], [0, 0, 0, 1]]
                                                                                        child:
                                                                                          - name: RightBrow2End_$AssimpFbx$_Translation
                                                                                            transform: [[1, 0, 0, 0.00343111297], [0, 1, 0, -0.00195195805], [0, 0, 1, -0.184212402], [0, 0, 0, 1]]
                                                                                            child:
                                                                                              - name: RightBrow2End_$AssimpFbx$_PreRotation
                                                                                                transform: [[0.992705226, 0.076596722, 0.0931092426, 0], [-0.0880320221, 0.988159955, 0.125659138, 0], [-0.0823817477, -0.13293907, 0.987694502, 0], [0, 0, 0, 1]]
                                                                                                child:
                                                                                                  - name: RightBrow2End
                                                                                                    transform: [[1, 0, 0, 0], [0, 1, 0, 0], [0, 0, 1, 0], [0, 0, 0, 1]]
                                                                          - name: RightBrow3_$AssimpFbx$_Translation
                                                                            transform: [[1, 0, 0, -0.114997387], [0, 1, 0, -0.145256504], [0, 0, 1, 0.264023513], [0, 0, 0, 1]]
                                                                            child:
                                                                              - name: RightBrow3_$AssimpFbx$_PreRotation
                                                                                transform: [[0.697087586, -0.0058140452, 0.716962457, 0], [-0.716030598, -0.0572508536, 0.695717394, 0], [0.0370017588, -0.998342872, -0.0440719128, 0], [0, 0, 0, 1]]
                                                                                child:
                                                                                  - name: RightBrow3_$AssimpFbx$_Rotation
                                                                                    transform: [[1, 0, 0, 0], [0, 1, 0, 0], [0, 0, 1, 0], [0, 0, 0, 1]]
                                                                                    child:
                                                                                      - name: RightBrow3
                                                                                        transform: [[1, 0, 0, 0], [0, 1, 0, 0], [0, 0, 1, 0], [0, 0, 0, 1]]
                                                                                        child:
                                                                                          - name: RightBrow3End_$AssimpFbx$_Translation
                                                                                            transform: [[1, 0, 0, -0.0081445938], [0, 1, 0, -1.35237599e-07], [0, 0, 1, -0.184273675], [0, 0, 0, 1]]
                                                                                            child:
                                                                                              - name: RightBrow3End_$AssimpFbx$_PreRotation
                                                                                                transform: [[0.98490417, 0.0757303834, 0.15565528, 0], [-0.053225603, 0.98814863, -0.143976808, 0], [-0.164713949, 0.133518517, 0.977262557, 0], [0, 0, 0, 1]]
                                                                                                child:
                                                                                                  - name: RightBrow3End
                                                                                                    transform: [[1, 0, 0, 0], [0, 1, 0, 0], [0, 0, 1, 0], [0, 0, 0, 1]]
                                                          - name: LeftShoulder_$AssimpFbx$_Translation
                                                            transform: [[1, 0, 0, 0.0836690441], [0, 1, 0, 0.0290556476], [0, 0, 1, 0.208529621], [0, 0, 0, 1]]
                                                            child:
                                                              - name: LeftShoulder_$AssimpFbx$_PreRotation
                                                                transform: [[-0.0176757574, -0.219452217, 0.975463092, 0], [-0.307616383, 0.929486811, 0.203534693, 0], [-0.951346219, -0.296470761, -0.0839364529, 0], [0, 0, 0, 1]]
                                                                child:
                                                                  - name: LeftShoulder
                                                                    transform: [[1, 0, 0, 0], [0, 1, 0, 0], [0, 0, 1, 0], [0, 0, 0, 1]]
                                                                    child:
                                                                      - name: LeftUpperArm_$AssimpFbx$_Translation
                                                                        transform: [[1, 0, 0, -0.0027035519], [0, 1, 0, 5.97821017e-05], [0, 0, 1, 0.152926683], [0, 0, 0, 1]]
                                                                        child:
                                                                          - name: LeftUpperArm_$AssimpFbx$_PreRotation
                                                                            transform: [[0.99952358, -0.00330350501, -0.0306877587, 0], [-0.00234801602, 0.983236253, -0.182320982, 0], [0.0307756178, 0.182306185, 0.982760012, 0], [0, 0, 0, 1]]
                                                                            child:
                                                                              - name: LeftUpperArm_$AssimpFbx$_Rotation
                                                                                transform: [[0.352656603, 0.839751482, 0.412856936, 0], [0.252370268, 0.339501262, -0.906117141, 0], [-0.901078582, 0.423741043, -0.0922009945, 0], [0, 0, 0, 1]]
                                                                                child:
                                                                                  - name: LeftUpperArm
                                                                                    transform: [[1, 0, 0, 0], [0, 1, 0, 0], [0, 0, 1, 0], [0, 0, 0, 1]]
                                                                                    child:
                                                                                      - name: LeftLowerArm_$AssimpFbx$_Translation
                                                                                        transform: [[1, 0, 0, 2.13162816e-16], [0, 1, 0, -5.3290704e-17], [0, 0, 1, 0.149731323], [0, 0, 0, 1]]
                                                                                        child:
                                                                                          - name: LeftLowerArm_$AssimpFbx$_PreRotation
                                                                                            transform: [[0.999931872, 0.000543227477, 0.0116601167, 0], [-5.08709345e-05, 0.999109864, -0.042184528, 0], [-0.0116726523, 0.0421810634, 0.999041796, 0], [0, 0, 0, 1]]
                                                                                            child:
                                                                                              - name: LeftLowerArm_$AssimpFbx$_Rotation
                                                                                                transform: [[0.999947548, 0.000491842104, -0.0102229696, 0], [-6.05003843e-05, 0.999111235, 0.0421509482, 0], [0.0102346139, -0.0421481244, 0.999058962, 0], [0, 0, 0, 1]]
                                                                                                child:
                                                                                                  - name: LeftLowerArm
                                                                                                    transform: [[1, 0, 0, 0], [0, 1, 0, 0], [0, 0, 1, 0], [0, 0, 0, 1]]
                                                                                                    child:
                                                                                                      - name: LeftLowerArm2_$AssimpFbx$_Translation
                                                                                                        transform: [[1, 0, 0, -1.42108544e-16], [0, 1, 0, -1.24344979e-16], [0, 0, 1, 0.0667147413], [0, 0, 0, 1]]
                                                                                                        child:
