id: 8801878353027014520
model_file_path: assets/models/Player.fbx
material:
  - id: 2969871097338449748
    name: GunMaterial
  - id: 11313509718924066263
    name: PlayerMaterial
mesh:
  - id: 4565722847133695046
    material_index: 0
  - id: 17652750615005387467
    material_index: 1
name: RootNode
transform: [[1, 0, 0, 0], [0, 1, 0, 0], [0, 0, 1, 0], [0, 0, 0, 1]]
child:
  - name: Gun_$AssimpFbx$_Translation
    transform: [[1, 0, 0, 0], [0, 1, 0, 0], [0, 0, 1, 0], [0, 0, 0, 1]]
    child:
      - name: Gun_$AssimpFbx$_RotationPivot
        transform: [[1, 0, 0, -28.4610596], [0, 1, 0, 33.72509], [0, 0, 1, 7.85014248], [0, 0, 0, 1]]
        child:
          - name: Gun_$AssimpFbx$_Rotation
            transform: [[1, 0, 0, 0], [0, 1, 0, 0], [0, 0, 1, 0], [0, 0, 0, 1]]
            child:
              - name: Gun_$AssimpFbx$_RotationPivotInverse
                transform: [[1, 0, 0, 28.4610596], [0, 1, 0, -33.72509], [0, 0, 1, -7.85014248], [0, 0, 0, 1]]
                child:
                  - name: Gun_$AssimpFbx$_ScalingPivot
                    transform: [[1, 0, 0, -28.4610596], [0, 1, 0, 33.72509], [0, 0, 1, 7.85014248], [0, 0, 0, 1]]
                    child:
                      - name: Gun_$AssimpFbx$_ScalingPivotInverse
                        transform: [[1, 0, 0, 28.4610596], [0, 1, 0, -33.72509], [0, 0, 1, -7.85014248], [0, 0, 0, 1]]
                        child:
                          - name: Gun
                            transform: [[1, 0, 0, 0], [0, 1, 0, 0], [0, 0, 1, 0], [0, 0, 0, 1]]
                            mesh_index:
                              - 0
  - name: PlayerCtrl_$AssimpFbx$_RotationPivot
    transform: [[1, 0, 0, -2], [0, 1, 0, 0], [0, 0, 1, 0], [0, 0, 0, 1]]
    child:
      - name: PlayerCtrl_$AssimpFbx$_RotationPivotInverse
        transform: [[1, 0, 0, 2], [0, 1, 0, -0], [0, 0, 1, -0], [0, 0, 0, 1]]
        child:
          - name: PlayerCtrl_$AssimpFbx$_ScalingPivot
            transform: [[1, 0, 0, -2], [0, 1, 0, 0], [0, 0, 1, 0], [0, 0, 0, 1]]
            child:
              - name: PlayerCtrl_$AssimpFbx$_ScalingPivotInverse
                transform: [[1, 0, 0, 2], [0, 1, 0, -0], [0, 0, 1, -0], [0, 0, 0, 1]]
                child:
                  - name: PlayerCtrl
                    transform: [[1, 0, 0, 0], [0, 1, 0, 0], [0, 0, 1, 0], [0, 0, 0, 1]]
                    child:
                      - name: Root
                        transform: [[1, 0, 0, 0], [0, 1, 0, 0], [0, 0, 1, 0], [0, 0, 0, 1]]
                        child:
                          - name: Hips_$AssimpFbx$_Translation
                            transform: [[1, 0, 0, -13.4608593], [0, 1, 0, 16.3613815], [0, 0, 1, -4.54037666], [0, 0, 0, 1]]
                            child:
                              - name: Hips_$AssimpFbx$_PreRotation
                                transform: [[1, 0, 0, 0], [0, 0.0589423031, 0.998261392, 0], [0, -0.998261392, 0.0589423031, 0], [0, 0, 0, 1]]
                                child:
                                  - name: Hips_$AssimpFbx$_Rotation
                                    transform: [[1, 0, 0, 0], [0, 1, 0, 0], [0, 0, 1, 0], [0, 0, 0, 1]]
                                    child:
                                      - name: Hips
                                        transform: [[1, 0, 0, 0], [0, 1, 0, 0], [0, 0, 1, 0], [0, 0, 0, 1]]
                                        child:
                                          - name: Spine_$AssimpFbx$_Translation
                                            transform: [[1, 0, 0, 2.74275088], [0, 1, 0, 6.53713322], [0, 0, 1, 14.9609928], [0, 0, 0, 1]]
                                            child:
                                              - name: Spine_$AssimpFbx$_PreRotation
                                                transform: [[1, 0, 0, 0], [0, 0.968965709, -0.24719514, 0], [0, 0.24719514, 0.968965709, 0], [0, 0, 0, 1]]
                                                child:
                                                  - name: Spine_$AssimpFbx$_Rotation
                                                    transform: [[0.326608986, 0.732810557, -0.596921444, 0], [-0.860189617, 0.492174268, 0.133560061, 0], [0.391663581, 0.469843745, 0.791104615, 0], [0, 0, 0, 1]]
                                                    child:
                                                      - name: Spine
                                                        transform: [[1, 0, 0, 0], [0, 1, 0, 0], [0, 0, 1, 0], [0, 0, 0, 1]]
                                                        child:
                                                          - name: Head_$AssimpFbx$_Translation
                                                            transform: [[1, 0, 0, 1.52009602e-15], [0, 1, 0, 2.01288223], [0, 0, 1, 23.2369671], [0, 0, 0, 1]]
                                                            child:
                                                              - name: Head_$AssimpFbx$_PreRotation
                                                                transform: [[0.999983013, 0, -0.00582357589, 0], [0.0010812541, 0.982612431, 0.185665265, 0], [0.00572231784, -0.185668409, 0.982595801, 0], [0, 0, 0, 1]]
                                                                child:
                                                                  - name: Head_$AssimpFbx$_Rotation
                                                                    transform: [[0.517837107, -0.844622254, 0.135859787, 0], [0.855123818, 0.506475568, -0.110660307, 0], [0.0246564988, 0.173480958, 0.984528482, 0], [0, 0, 0, 1]]
                                                                    child:
                                                                      - name: Head
                                                                        transform: [[1, 0, 0, 0], [0, 1, 0, 0], [0, 0, 1, 0], [0, 0, 0, 1]]
                                                                        child:
                                                                          - name: Hat1_$AssimpFbx$_Translation
                                                                            transform: [[1, 0, 0, 1.12348068], [0, 1, 0, 2.94139099], [0, 0, 1, 54.8026543], [0, 0, 0, 1]]
                                                                            child:
                                                                              - name: Hat1_$AssimpFbx$_PreRotation
                                                                                transform: [[0.999418139, -0.00417626929, 0.03385178, 0], [-0.021367237, 0.69693774, 0.716813207, 0], [-0.0265861899, -0.717119455, 0.696443021, 0], [0, 0, 0, 1]]
                                                                                child:
                                                                                  - name: Hat1_$AssimpFbx$_Rotation
                                                                                    transform: [[0.936290443, 0.250394166, -0.246298522, 0], [-0.231093496, 0.967264354, 0.104859509, 0], [0.264492005, -0.0412609689, 0.963504791, 0], [0, 0, 0, 1]]
                                                                                    child:
                                                                                      - name: Hat1
                                                                                        transform: [[1, 0, 0, 0], [0, 1, 0, 0], [0, 0, 1, 0], [0, 0, 0, 1]]
                                                                                        child:
                                                                                          - name: Hat2_$AssimpFbx$_Translation
                                                                                            transform: [[1, 0, 0, -6.63901281], [0, 1, 0, -0.896175563], [0, 0, 1, 33.8402519], [0, 0, 0, 1]]
                                                                                            child:
                                                                                              - name: Hat2_$AssimpFbx$_PreRotation
                                                                                                transform: [[0.89046365, 0.0140756071, 0.454836607, 0], [-0.225865006, 0.881379843, 0.414915204, 0], [-0.395043641, -0.472198576, 0.788015902, 0], [0, 0, 0, 1]]
                                                                                                child:
                                                                                                  - name: Hat2_$AssimpFbx$_Rotation
                                                                                                    transform: [[0.511600852, -0.471003562, -0.718623817, 0], [0.732735515, 0.675958276, 0.0786076486, 0], [0.448735237, -0.566776931, 0.69094187, 0], [0, 0, 0, 1]]
                                                                                                    child:
                                                                                                      - name: Hat2
                                                                                                        transform: [[1, 0, 0, 0], [0, 1, 0, 0], [0, 0, 1, 0], [0, 0, 0, 1]]
                                                                                                        child:
                                                                                                          - name: Hat3_$AssimpFbx$_Translation
                                                                                                            transform: [[1, 0, 0, 9.76996262e-15], [0, 1, 0, 2.04281037e-14], [0, 0, 1, 20.7841396], [0, 0, 0, 1]]
                                                                                                            child:
                                                                                                              - name: Hat3_$AssimpFbx$_PreRotation
                                                                                                                transform: [[0.887783349, 0.37766096, 0.263083339, 0], [-0.452691972, 0.613238931, 0.647308171, 0], [0.0831300989, -0.693765163, 0.715387464, 0], [0, 0, 0, 1]]
                                                                                                                child:
                                                                                                                  - name: Hat3_$AssimpFbx$_Rotation
                                                                                                                    transform: [[0.967903137, -0.236266792, -0.0856833756, 0], [0.240836695, 0.969403386, 0.0474861935, 0], [0.0718423426, -0.0665977299, 0.995190203, 0], [0, 0, 0, 1]]
                                                                                                                    child:
                                                                                                                      - name: Hat3
                                                                                                                        transform: [[1, 0, 0, 0], [0, 1, 0, 0], [0, 0, 1, 0], [0, 0, 0, 1]]
                                                                                                                        child:
                                                                                                                          - name: Hat4_$AssimpFbx$_Translation
                                                                                                                            transform: [[1, 0, 0, 8.8817842e-16], [0, 1, 0, 6.66133815e-15], [0, 0, 1, 9.81351566], [0, 0, 0, 1]]
                                                                                                                            child:
                                                                                                                              - name: Hat4_$AssimpFbx$_PreRotation
                                                                                                                                transform: [[0.81672883, 0.507066488, 0.275386125, 0], [-0.528570235, 0.466018647, 0.709535062, 0], [0.231446385, -0.725058675, 0.648631155, 0], [0, 0, 0, 1]]
                                                                                                                                child:
                                                                                                                                  - name: Hat4_$AssimpFbx$_Rotation
                                                                                                                                    transform: [[0.960890949, -0.098934263, -0.258651495, 0], [-0.0507928319, 0.855196893, -0.515808582, 0], [0.272229075, 0.508773446, 0.816725791, 0], [0, 0, 0, 1]]
                                                                                                                                    child:
                                                                                                                                      - name: Hat4
                                                                                                                                        transform: [[1, 0, 0, 0], [0, 1, 0, 0], [0, 0, 1, 0], [0, 0, 0, 1]]
                                                                                                                                        child:
                                                                                                                                          - name: Hat5_$AssimpFbx$_Translation
                                                                                                                                            transform: [[1, 0, 0, -1.90342533e-14], [0, 1, 0, -1.33226763e-15], [0, 0, 1, 13.5960169], [0, 0, 0, 1]]
                                                                                                                                            child:
                                                                                                                                              - name: Hat5_$AssimpFbx$_PreRotation
                                                                                                                                                transform: [[0.856728256, 0.0424982794, -0.514014184, 0], [-0.00700625917, 0.997466505, 0.0707921013, 0], [0.515720487, -0.0570482798, 0.854855537, 0], [0, 0, 0, 1]]
                                                                                                                                                child:
                                                                                                                                                  - name: Hat5_$AssimpFbx$_Rotation
                                                                                                                                                    transform: [[0.880400121, -0.445637047, 0.162182793, 0], [0.433307528, 0.894899309, 0.106770165, 0], [-0.192718014, -0.0237254333, 0.980967283, 0], [0, 0, 0, 1]]
                                                                                                                                                    child:
                                                                                                                                                      - name: Hat5
                                                                                                                                                        transform: [[1, 0, 0, 0], [0, 1, 0, 0], [0, 0, 1, 0], [0, 0, 0, 1]]
                                                                                                                                                        child:
                                                                                                                                                          - name: HatEnd_$AssimpFbx$_Translation
                                                                                                                                                            transform: [[1, 0, 0, 2.30145764e-14], [0, 1, 0, -4.10782519e-15], [0, 0, 1, 8.92126656], [0, 0, 0, 1]]
                                                                                                                                                            child:
                                                                                                                                                              - name: HatEnd_$AssimpFbx$_PreRotation
                                                                                                                                                                transform: [[0.995138228, -0.0119355535, -0.0977624431, 0], [0, 0.992629647, -0.121187478, 0], [0.0984883383, 0.120598294, 0.987803698, 0], [0, 0, 0, 1]]
                                                                                                                                                                child:
                                                                                                                                                                  - name: HatEnd
                                                                                                                                                                    transform: [[1, 0, 0, 0], [0, 1, 0, 0], [0, 0, 1, 0], [0, 0, 0, 1]]
                                                                          - name: LeftBrow3_$AssimpFbx$_Translation
                                                                            transform: [[1, 0, 0, 11.8064175], [0, 1, 0, -14.5256453], [0, 0, 1, 26.2666569], [0, 0, 0, 1]]
                                                                            child:
                                                                              - name: LeftBrow3_$AssimpFbx$_PreRotation
                                                                                transform: [[0.696609378, 0.00581406802, 0.717427015, 0], [0.716030478, 0.0572507344, -0.695717394, 0], [-0.0451181717, 0.998342931, 0.0357183516, 0], [0, 0, 0, 1]]
                                                                                child:
                                                                                  - name: LeftBrow3_$AssimpFbx$_Rotation
                                                                                    transform: [[1, 0, 0, 0], [0, 1, 0, 0], [0, 0, 1, 0], [0, 0, 0, 1]]
                                                                                    child:
                                                                                      - name: LeftBrow3
                                                                                        transform: [[1, 0, 0, 0], [0, 1, 0, 0], [0, 0, 1, 0], [0, 0, 0, 1]]
                                                                                        child:
                                                                                          - name: LeftBrow3End_$AssimpFbx$_Translation
                                                                                            transform: [[1, 0, 0, -7.10542736e-15], [0, 1, 0, -1.28785871e-14], [0, 0, 1, 18.4453754], [0, 0, 0, 1]]
                                                                                            child:
                                                                                              - name: LeftBrow3End_$AssimpFbx$_PreRotation
                                                                                                transform: [[0.991216838, 0.0697608143, 0.112351097, 0], [-0.053225603, 0.98814863, -0.143976793, 0], [-0.121063523, 0.13673225, 0.983182549, 0], [0, 0, 0, 1]]
                                                                                                child:
                                                                                                  - name: LeftBrow3End
                                                                                                    transform: [[1, 0, 0, 0], [0, 1, 0, 0], [0, 0, 1, 0], [0, 0, 0, 1]]
                                                                          - name: LeftBrow2_$AssimpFbx$_Translation
                                                                            transform: [[1, 0, 0, 11.8064175], [0, 1, 0, -14.5256453], [0, 0, 1, 26.2666569], [0, 0, 0, 1]]
                                                                            child:
                                                                              - name: LeftBrow2_$AssimpFbx$_PreRotation
                                                                                transform: [[0.916594744, 0.063989535, 0.394663513, 0], [0.399483711, -0.106254742, -0.91056174, 0], [-0.0163315535, 0.992277801, -0.122955322, 0], [0, 0, 0, 1]]
                                                                                child:
                                                                                  - name: LeftBrow2_$AssimpFbx$_Rotation
                                                                                    transform: [[1, 0, 0, 0], [0, 1, 0, 0], [0, 0, 1, 0], [0, 0, 0, 1]]
                                                                                    child:
                                                                                      - name: LeftBrow2
                                                                                        transform: [[1, 0, 0, 0], [0, 1, 0, 0], [0, 0, 1, 0], [0, 0, 0, 1]]
                                                                                        child:
                                                                                          - name: LeftBrow2End_$AssimpFbx$_Translation
                                                                                            transform: [[1, 0, 0, -0.343128413], [0, 1, 0, 0.195151255], [0, 0, 1, 18.4213009], [0, 0, 0, 1]]
                                                                                            child:
                                                                                              - name: LeftBrow2End_$AssimpFbx$_PreRotation
                                                                                                transform: [[0.985130847, 0.139065906, 0.10088554, 0], [-0.150766268, 0.981319487, 0.119505867, 0], [-0.0823817477, -0.13293907, 0.987694561, 0], [0, 0, 0, 1]]
                                                                                                child:
                                                                                                  - name: LeftBrow2End
                                                                                                    transform: [[1, 0, 0, 0], [0, 1, 0, 0], [0, 0, 1, 0], [0, 0, 0, 1]]
                                                                          - name: LeftBrow1_$AssimpFbx$_Translation
                                                                            transform: [[1, 0, 0, 11.8064175], [0, 1, 0, -14.5256453], [0, 0, 1, 26.2666569], [0, 0, 0, 1]]
                                                                            child:
                                                                              - name: LeftBrow1_$AssimpFbx$_PreRotation
                                                                                transform: [[0.999922991, 0.00568764471, 0.0110304505, 0], [0.00955150835, 0.214798078, -0.976611793, 0], [-0.0079239402, 0.976641893, 0.214727193, 0], [0, 0, 0, 1]]
                                                                                child:
                                                                                  - name: LeftBrow1_$AssimpFbx$_Rotation
                                                                                    transform: [[1, 0, 0, 0], [0, 1, 0, 0], [0, 0, 1, 0], [0, 0, 0, 1]]
                                                                                    child:
                                                                                      - name: LeftBrow1
                                                                                        transform: [[1, 0, 0, 0], [0, 1, 0, 0], [0, 0, 1, 0], [0, 0, 0, 1]]
                                                                                        child:
                                                                                          - name: LeftBrow1End_$AssimpFbx$_Translation
                                                                                            transform: [[1, 0, 0, -1.38777878e-15], [0, 1, 0, 1.64313008e-14], [0, 0, 1, 18.4020481], [0, 0, 0, 1]]
                                                                                            child:
                                                                                              - name: LeftBrow1End_$AssimpFbx$_PreRotation
                                                                                                transform: [[0.999952197, -0.000922582636, -0.00973616913, 0], [0, 0.99554044, -0.0943356976, 0], [0.00977978297, 0.09433119, 0.995492876, 0], [0, 0, 0, 1]]
                                                                                                child:
                                                                                                  - name: LeftBrow1End
                                                                                                    transform: [[1, 0, 0, 0], [0, 1, 0, 0], [0, 0, 1, 0], [0, 0, 0, 1]]
                                                                          - name: RightBrow1_$AssimpFbx$_Translation
                                                                            transform: [[1, 0, 0, -11.4997387], [0, 1, 0, -14.525651], [0, 0, 1, 26.4023533], [0, 0, 0, 1]]
                                                                            child:
                                                                              - name: RightBrow1_$AssimpFbx$_PreRotation
                                                                                transform: [[0.999947488, -0.00568764471, 0.00852878485, 0], [-0.00955150835, -0.214798152, 0.976611793, 0], [-0.00372265396, -0.976641953, -0.214841172, 0], [0, 0, 0, 1]]
                                                                                child:
                                                                                  - name: RightBrow1_$AssimpFbx$_Rotation
                                                                                    transform: [[1, 0, 0, 0], [0, 1, 0, 0], [0, 0, 1, 0], [0, 0, 0, 1]]
                                                                                    child:
                                                                                      - name: RightBrow1
                                                                                        transform: [[1, 0, 0, 0], [0, 1, 0, 0], [0, 0, 1, 0], [0, 0, 0, 1]]
                                                                                        child:
                                                                                          - name: RightBrow1End_$AssimpFbx$_Translation
                                                                                            transform: [[1, 0, 0, 6.79825025e-05], [0, 1, 0, -1.35318087e-05], [0, 0, 1, -18.4020424], [0, 0, 0, 1]]
                                                                                            child:
                                                                                              - name: RightBrow1End_$AssimpFbx$_PreRotation
                                                                                                transform: [[0.999952197, -0.000922582636, -0.00973616913, 0], [0, 0.99554044, -0.0943356976, 0], [0.00977978297, 0.09433119, 0.995492876, 0], [0, 0, 0, 1]]
                                                                                                child:
                                                                                                  - name: RightBrow1End_$AssimpFbx$_Rotation
                                                                                                    transform: [[0.999952197, -5.82076609e-11, 0.0097797839, 0], [-0.000922582694, 0.99554044, 0.09433119, 0], [-0.00973617006, -0.0943356976, 0.995492876, 0], [0, 0, 0, 1]]
                                                                                                    child:
                                                                                                      - name: RightBrow1End
                                                                                                        transform: [[1, 0, 0, 0], [0, 1, 0, 0], [0, 0, 1, 0], [0, 0, 0, 1]]
                                                                          - name: RightBrow2_$AssimpFbx$_Translation
                                                                            transform: [[1, 0, 0, -11.4997387], [0, 1, 0, -14.525651], [0, 0, 1, 26.4023533], [0, 0, 0, 1]]
                                                                            child:
                                                                              - name: RightBrow2_$AssimpFbx$_PreRotation
                                                                                transform: [[0.916722834, 0.0524282083, 0.396068811, 0], [-0.39948374, 0.106254794, 0.91056174, 0], [0.00565490825, -0.992955804, 0.118350416, 0], [0, 0, 0, 1]]
                                                                                child:
                                                                                  - name: RightBrow2_$AssimpFbx$_Rotation
                                                                                    transform: [[1, 0, 0, 0], [0, 1, 0, 0], [0, 0, 1, 0], [0, 0, 0, 1]]
                                                                                    child:
                                                                                      - name: RightBrow2
                                                                                        transform: [[1, 0, 0, 0], [0, 1, 0, 0], [0, 0, 1, 0], [0, 0, 0, 1]]
                                                                                        child:
                                                                                          - name: RightBrow2End_$AssimpFbx$_Translation
                                                                                            transform: [[1, 0, 0, 0.343111306], [0, 1, 0, -0.195195809], [0, 0, 1, -18.4212399], [0, 0, 0, 1]]
                                                                                            child:
                                                                                              - name: RightBrow2End_$AssimpFbx$_PreRotation
                                                                                                transform: [[0.992705226, 0.076596722, 0.0931092426, 0], [-0.0880320221, 0.988160014, 0.125659123, 0], [-0.0823817477, -0.13293907, 0.987694561, 0], [0, 0, 0, 1]]
                                                                                                child:
                                                                                                  - name: RightBrow2End
                                                                                                    transform: [[1, 0, 0, 0], [0, 1, 0, 0], [0, 0, 1, 0], [0, 0, 0, 1]]
                                                                          - name: RightBrow3_$AssimpFbx$_Translation
                                                                            transform: [[1, 0, 0, -11.4997387], [0, 1, 0, -14.525651], [0, 0, 1, 26.4023533], [0, 0, 0, 1]]
                                                                            child:
                                                                              - name: RightBrow3_$AssimpFbx$_PreRotation
                                                                                transform: [[0.697087646, -0.00581400283, 0.716962397, 0], [-0.716030538, -0.057250753, 0.695717335, 0], [0.0370017327, -0.998342872, -0.0440717936, 0], [0, 0, 0, 1]]
                                                                                child:
                                                                                  - name: RightBrow3_$AssimpFbx$_Rotation
                                                                                    transform: [[1, 0, 0, 0], [0, 1, 0, 0], [0, 0, 1, 0], [0, 0, 0, 1]]
                                                                                    child:
                                                                                      - name: RightBrow3
                                                                                        transform: [[1, 0, 0, 0], [0, 1, 0, 0], [0, 0, 1, 0], [0, 0, 0, 1]]
                                                                                        child:
                                                                                          - name: RightBrow3End_$AssimpFbx$_Translation
                                                                                            transform: [[1, 0, 0, -0.814459443], [0, 1, 0, -1.35237606e-05], [0, 0, 1, -18.4273682], [0, 0, 0, 1]]
                                                                                            child:
                                                                                              - name: RightBrow3End_$AssimpFbx$_PreRotation
                                                                                                transform: [[0.98490423, 0.0757303759, 0.15565528, 0], [-0.0532255992, 0.988148689, -0.143976808, 0], [-0.164713964, 0.133518517, 0.977262557, 0], [0, 0, 0, 1]]
                                                                                                child:
                                                                                                  - name: RightBrow3End
                                                                                                    transform: [[1, 0, 0, 0], [0, 1, 0, 0], [0, 0, 1, 0], [0, 0, 0, 1]]
                                                          - name: LeftShoulder_$AssimpFbx$_Translation
                                                            transform: [[1, 0, 0, 8.36690426], [0, 1, 0, 2.90556479], [0, 0, 1, 20.8529625], [0, 0, 0, 1]]
                                                            child:
                                                              - name: LeftShoulder_$AssimpFbx$_PreRotation
                                                                transform: [[-0.017675994, -0.219452262, 0.975463092, 0], [-0.307616442, 0.929486811, 0.203534678, 0], [-0.951346278, -0.296470791, -0.0839367285, 0], [0, 0, 0, 1]]
                                                                child:
                                                                  - name: LeftShoulder
                                                                    transform: [[1, 0, 0, 0], [0, 1, 0, 0], [0, 0, 1, 0], [0, 0, 0, 1]]
                                                                    child:
                                                                      - name: LeftUpperArm_$AssimpFbx$_Translation
                                                                        transform: [[1, 0, 0, -0.270355195], [0, 1, 0, 0.00597821036], [0, 0, 1, 15.2926693], [0, 0, 0, 1]]
                                                                        child:
                                                                          - name: LeftUpperArm_$AssimpFbx$_PreRotation
                                                                            transform: [[0.99952358, -0.00330350455, -0.0306877587, 0], [-0.00234801532, 0.983236253, -0.182320982, 0], [0.0307756141, 0.18230617, 0.982760012, 0], [0, 0, 0, 1]]
                                                                            child:
                                                                              - name: LeftUpperArm_$AssimpFbx$_Rotation
                                                                                transform: [[0.352656722, 0.839751363, 0.412856966, 0], [0.252370179, 0.339501262, -0.906117082, 0], [-0.901078522, 0.423741072, -0.0922007933, 0], [0, 0, 0, 1]]
                                                                                child:
                                                                                  - name: LeftUpperArm
                                                                                    transform: [[1, 0, 0, 0], [0, 1, 0, 0], [0, 0, 1, 0], [0, 0, 0, 1]]
                                                                                    child:
                                                                                      - name: LeftLowerArm_$AssimpFbx$_Translation
                                                                                        transform: [[1, 0, 0, 2.13162821e-14], [0, 1, 0, -5.32907052e-15], [0, 0, 1, 14.9731321], [0, 0, 0, 1]]
                                                                                        child:
                                                                                          - name: LeftLowerArm_$AssimpFbx$_PreRotation
                                                                                            transform: [[0.999931872, 0.000543227477, 0.0116601167, 0], [-5.08709272e-05, 0.999109864, -0.042184528, 0], [-0.0116726523, 0.0421810634, 0.999041796, 0], [0, 0, 0, 1]]
                                                                                            child:
                                                                                              - name: LeftLowerArm_$AssimpFbx$_Rotation
                                                                                                transform: [[0.999947608, 0.000491842162, -0.0102229696, 0], [-6.05003443e-05, 0.999111295, 0.0421509519, 0], [0.0102346148, -0.0421481244, 0.999058962, 0], [0, 0, 0, 1]]
                                                                                                child:
                                                                                                  - name: LeftLowerArm
                                                                                                    transform: [[1, 0, 0, 0], [0, 1, 0, 0], [0, 0, 1, 0], [0, 0, 0, 1]]
                                                                                                    child:
                                                                                                      - name: LeftLowerArm2_$AssimpFbx$_Translation
                                                                                                        transform: [[1, 0, 0, -1.42108547e-14], [0, 1, 0, -1.24344979e-14], [0, 0, 1, 6.67147446], [0, 0, 0, 1]]
                                                                                                        child:
                                                                                                          - name: LeftLowerArm2_$AssimpFbx$_PreRotation
