General:
  id: 1526981968091263908
  type: 3
  hash: 16692071393325252352
model_name: Player
material:
  - id: 3718632890309569622
    name: GunMaterial
  - id: 17865211842112953316
    name: PlayerMaterial
mesh:
  - id: 5312154100818434099
    material_index: 0
  - id: 2577038801141532042
    material_index: 1
name: RootNode
transform: [1, 0, 0, 0, 0, 1, 0, 0, 0, 0, 1, 0, 0, 0, 0, 1]
child:
  - name: Gun
    transform: [1, 0, 0, 0, 0, 1, 0, 0, 0, 0, 1, 0, 0, 0, 0, 1]
    mesh_index:
      - 0
  - name: PlayerCtrl
    transform: [1, 0, 0, 0, 0, 1, 0, 0, 0, 0, 1, 0, 0, 0, 0, 1]
    child:
      - name: Root
        transform: [1, 0, 0, 0, 0, 1, 0, 0, 0, 0, 1, 0, 0, 0, 0, 1]
        child:
          - name: Hips
            transform: [1, 0, 0, -0.134608597, 0, 0.0589421354, 0.998261392, 0.163613811, 0, -0.998261392, 0.0589421354, -0.0454037674, 0, 0, 0, 1]
            child:
              - name: Spine
                transform: [0.326608896, 0.732810616, -0.596921504, 0.0274275076, -0.93031162, 0.360756814, -0.0661420673, 0.0653713271, 0.166873872, 0.576925635, 0.799568534, 0.149609923, 0, 0, 0, 1]
                child:
                  - name: Head
                    transform: [0.517684758, -0.845618129, 0.130124003, 1.52009592e-17, 0.845393002, 0.528965175, 0.0742034391, 0.020128822, -0.131578863, 0.071591951, 0.988717139, 0.232369661, 0, 0, 0, 1]
                    child:
                      - name: Hat1
                        transform: [0.945664287, 0.244812146, -0.2139768, 0.0112348069, 0.00852771103, 0.639196277, 0.768996298, 0.0294139087, 0.32503283, -0.729037046, 0.602377474, 0.548026502, 0, 0, 0, 1]
                        child:
                          - name: Hat2
                            transform: [0.66997683, -0.667687893, -0.324536353, -0.0663901269, 0.716452658, 0.466994822, 0.518277407, -0.00896175578, -0.19449091, -0.57974875, 0.791242421, 0.33840251, 0, 0, 0, 1]
                            child:
                              - name: Hat3
                                transform: [0.969143271, 0.138831377, 0.203683347, 9.76996256e-17, -0.243967414, 0.658322752, 0.712103367, 2.04281027e-16, -0.0352270827, -0.739822328, 0.671879411, 0.207841396, 0, 0, 0, 1]
                                child:
                                  - name: Hat4
                                    transform: [0.834000111, 0.492948353, -0.247882351, 8.881784e-18, -0.338412762, 0.811823964, 0.475834668, 6.66133775e-17, 0.435798824, -0.312959641, 0.843881249, 0.098135151, 0, 0, 0, 1]
                                    child:
                                      - name: Hat5
                                        transform: [0.871738195, -0.331562966, -0.36074692, -1.90342531e-16, 0.412398577, 0.894074619, 0.174808085, -1.3322676e-17, 0.264574707, -0.301158369, 0.916135073, 0.135960162, 0, 0, 0, 1]
                                        child:
                                          - name: HatEnd
                                            transform: [0.995138228, -0.0119355526, -0.0977624431, 2.3014576e-16, 9.31322575e-10, 0.992629647, -0.121187478, -4.10782524e-17, 0.0984883383, 0.120598286, 0.987803698, 0.0892126635, 0, 0, 0, 1]
                      - name: LeftBrow3
                        transform: [0.696609318, 0.00581410527, 0.717427075, 0.118064173, 0.716030538, 0.0572503805, -0.695717454, -0.145256445, -0.0451180302, 0.998342991, 0.0357180834, 0.262666553, 0, 0, 0, 1]
                        child:
                          - name: LeftBrow3End
                            transform: [0.991216779, 0.0697608218, 0.112351097, -7.1054272e-17, -0.0532255992, 0.98814863, -0.143976778, -1.28785867e-16, -0.121063523, 0.13673225, 0.983182549, 0.184453756, 0, 0, 0, 1]
                      - name: LeftBrow2
                        transform: [0.916594744, 0.0639895126, 0.394663572, 0.118064173, 0.399483711, -0.106254689, -0.9105618, -0.145256445, -0.0163315367, 0.992277801, -0.122955322, 0.262666553, 0, 0, 0, 1]
                        child:
                          - name: LeftBrow2End
                            transform: [0.985130847, 0.139065906, 0.10088554, -0.0034312841, -0.150766268, 0.981319487, 0.11950586, 0.00195151253, -0.0823817626, -0.132939056, 0.987694442, 0.184212998, 0, 0, 0, 1]
                      - name: LeftBrow1
                        transform: [0.999922991, 0.00568764471, 0.0110304505, 0.118064173, 0.00955150835, 0.214798033, -0.976611793, -0.145256445, -0.0079239402, 0.976641953, 0.214727163, 0.262666553, 0, 0, 0, 1]
                        child:
                          - name: LeftBrow1End
                            transform: [0.999952197, -0.000922582636, -0.00973616913, -1.38777878e-17, -5.82076609e-11, 0.99554044, -0.0943356976, 1.6431301e-16, 0.00977978297, 0.0943311825, 0.995492816, 0.184020475, 0, 0, 0, 1]
                      - name: RightBrow1
                        transform: [0.999947429, -0.0056876461, 0.00852878578, -0.114997387, -0.00955151021, -0.214798361, 0.976611853, -0.145256504, -0.00372265256, -0.976642013, -0.214841396, 0.264023513, 0, 0, 0, 1]
                        child:
                          - name: RightBrow1End
                            transform: [1, -5.82076609e-11, 1.86264515e-09, 6.79825007e-07, -5.82076609e-11, 1, 0, -1.35318089e-07, 0, 0, 1, -0.184020415, 0, 0, 0, 1]
                      - name: RightBrow2
                        transform: [0.916722775, 0.0524281263, 0.39606896, -0.114997387, -0.39948386, 0.106254399, 0.91056174, -0.145256504, 0.00565494597, -0.992955923, 0.118350022, 0.264023513, 0, 0, 0, 1]
                        child:
                          - name: RightBrow2End
                            transform: [0.992705226, 0.0765967146, 0.0931092426, 0.00343111297, -0.0880320221, 0.988159895, 0.125659138, -0.00195195805, -0.0823817551, -0.13293907, 0.987694442, -0.184212402, 0, 0, 0, 1]
                      - name: RightBrow3
                        transform: [0.697087586, -0.005814075, 0.716962457, -0.114997387, -0.716030598, -0.0572508536, 0.695717335, -0.145256504, 0.037001729, -0.998342931, -0.0440719128, 0.264023513, 0, 0, 0, 1]
                        child:
                          - name: RightBrow3End
                            transform: [0.98490411, 0.0757303834, 0.15565528, -0.0081445938, -0.0532255992, 0.98814863, -0.143976808, -1.35237599e-07, -0.164713949, 0.133518517, 0.977262557, -0.184273675, 0, 0, 0, 1]
                  - name: LeftShoulder
                    transform: [-0.017675994, -0.219452217, 0.975463212, 0.0836690441, -0.307616353, 0.929486811, 0.203534678, 0.0290556476, -0.951346338, -0.296470761, -0.0839366838, 0.208529621, 0, 0, 0, 1]
                    child:
                      - name: LeftUpperArm
                        transform: [0.379306823, 0.825226367, 0.418483019, -0.0027035519, 0.411597192, 0.254581153, -0.875086427, 5.97821017e-05, -0.828682184, 0.504172683, -0.24309653, 0.152926683, 0, 0, 0, 1]
                        child:
                          - name: LeftLowerArm
                            transform: [0.999998629, 0.000543101167, 0.00144976843, 2.13162816e-16, -0.000543057162, 0.999999821, -3.08826566e-05, -5.3290704e-17, -0.00144978426, 3.00966203e-05, 0.999998927, 0.149731323, 0, 0, 0, 1]
                            child:
                              - name: LeftLowerArm2
                                transform: [0.999995828, 4.91096301e-08, -0.00283845444, -1.42108544e-16, 4.91096372e-08, 1, 3.46030065e-05, -1.24344979e-16, 0.00283845444, -3.46030101e-05, 0.999995828, 0.0667147413, 0, 0, 0, 1]
                                child:
                                  - name: LeftWrist
                                    transform: [0.915775537, 0.400177717, -0.0348364413, -2.62900816e-15, -0.397125125, 0.914993644, 0.0712680444, 2.6645352e-17, 0.0603949875, -0.05143103, 0.996848643, 0.0686311871, 0, 0, 0, 1]
                                    child:
                                      - name: LeftHand1
                                        transform: [0.998278499, -0.00191501528, -0.0586207025, -3.5527136e-17, -0.0114654712, 0.97381258, -0.22706306, -7.1054272e-17, 0.0575204156, 0.227344304, 0.972114027, 0.0905789137, 0, 0, 0, 1]
                                        child:
                                          - name: LeftHand2
                                            transform: [1, 0, 0, -1.7763568e-17, 0, 1, 0, 1.42108544e-16, 0, 0, 1, 0.0939890295, 0, 0, 0, 1]
                                      - name: LeftThumb1
                                        transform: [0.510170043, -0.586765289, -0.628834724, -0.0751799494, 0.160118282, 0.783155024, -0.600858212, -0.0166544002, 0.845037699, 0.205851957, 0.493494034, 0.0396397859, 0, 0, 0, 1]
                                        child:
                                          - name: LeftThumb2
                                            transform: [0.857164979, -0.32255125, 0.401533186, 7.1054272e-17, 0.502659023, 0.353978574, -0.788690746, 0, 0.11225903, 0.877872407, 0.465551317, 0.0496346988, 0, 0, 0, 1]
                      - name: LeftUpperArm_FK
                        transform: [0.407015234, 0.386712074, 0.827521801, -0.0027035519, 0.38654387, 0.747917175, -0.539632797, 5.97821017e-05, -0.82760036, 0.539512277, 0.154932514, 0.152926683, 0, 0, 0, 1]
                        child:
                          - name: LeftLowerArm_FK
                            transform: [0.999931872, 0.000543227477, 0.0116601167, 2.13162816e-16, -5.08709345e-05, 0.999109864, -0.042184528, -5.3290704e-17, -0.0116726523, 0.0421810634, 0.999041796, 0.149731323, 0, 0, 0, 1]
                            child:
                              - name: LeftLowerArm_2_FK
                                transform: [0.999995828, 4.91096301e-08, -0.00283845444, -1.42108544e-16, 4.91096372e-08, 1, 3.46030065e-05, -1.24344979e-16, 0.00283845444, -3.46030101e-05, 0.999995828, 0.0667147413, 0, 0, 0, 1]
                                child:
                                  - name: LeftWrist_FK
                                    transform: [0.000317573576, -0.981487274, -0.191527471, -2.62900816e-15, 0.996906281, 0.0153651237, -0.0770857558, 2.6645352e-17, 0.078601554, -0.190910429, 0.978455365, 0.0686311871, 0, 0, 0, 1]
                      - name: LeftUpperArm_IK
                        transform: [0.379306823, 0.825226367, 0.418483019, -0.0027035519, 0.411597192, 0.254581153, -0.875086427, 5.97821017e-05, -0.828682184, 0.504172683, -0.24309653, 0.152926683, 0, 0, 0, 1]
                        child:
                          - name: LeftLowerArm_IK
                            transform: [0.999998629, 0.000543101167, 0.00144976843, 2.13162816e-16, -0.000543057162, 0.999999821, -3.08826566e-05, -5.3290704e-17, -0.00144978426, 3.00966203e-05, 0.999998927, 0.149731323, 0, 0, 0, 1]
                            child:
                              - name: LeftLowerArm2_IK
                                transform: [0.999995828, 4.91096301e-08, -0.00283845444, -7.1054272e-17, 4.91096372e-08, 1, 3.46030065e-05, -1.33226755e-16, 0.00283845444, -3.46030101e-05, 0.999995828, 0.0667147413, 0, 0, 0, 1]
                                child:
                                  - name: LeftWrist_IK
                                    transform: [0.915775537, 0.400177717, -0.0348364413, -2.70006236e-15, -0.397125125, 0.914993644, 0.0712680444, 2.6645352e-17, 0.0603949875, -0.05143103, 0.996848643, 0.0686311871, 0, 0, 0, 1]
                  - name: RightShoulder
                    transform: [-0.0176759958, -0.219452262, 0.975463092, -0.0840687901, 0.307616502, -0.929486632, -0.203534693, 0.0291003603, 0.951346219, 0.296470821, 0.0839367509, 0.208373755, 0, 0, 0, 1]
                    child:
                      - name: RightUpperArm
                        transform: [0.927387476, -0.246789888, 0.281153023, 0.00310982065, 0.340138108, 0.243350834, -0.908342659, -7.14350108e-06, 0.155750945, 0.938016653, 0.309623122, -0.153202683, 0, 0, 0, 1]
                        child:
                          - name: RightLowerArm
                            transform: [0.978904307, 0.146107361, 0.142823741, -1.44748967e-07, 0.00921199936, 0.66675365, -0.745221198, -6.19844798e-08, -0.204110518, 0.730816126, 0.651342213, -0.149730876, 0, 0, 0, 1]
                            child:
                              - name: RightLowerArm2
                                transform: [0.999995828, 4.91096088e-08, -0.00283845444, -4.52110925e-07, 4.91096372e-08, 1, 3.46029992e-05, 2.80516055e-08, 0.00283845444, -3.46030029e-05, 0.999995828, -0.0667146668, 0, 0, 0, 1]
                                child:
                                  - name: RightWrist
                                    transform: [0.54088974, -0.815465391, -0.206044585, 4.30715801e-07, 0.681384623, 0.568452179, -0.46106109, -4.74185065e-08, 0.493105829, 0.10898757, 0.86311543, -0.0686311871, 0, 0, 0, 1]
                                    child:
                                      - name: RightHand1
                                        transform: [0.998278499, -0.00191501528, -0.0586207025, 5.66382816e-08, -0.0114654712, 0.97381258, -0.22706306, -3.26737904e-07, 0.0575204156, 0.227344304, 0.972114027, -0.0905790702, 0, 0, 0, 1]
                                        child:
                                          - name: RightHand2
                                            transform: [1, 0, 0, 2.56261039e-08, 0, 1, 0, 2.19878302e-07, 0, 0, 1, -0.0939888433, 0, 0, 0, 1]
                                      - name: RightThumb1
                                        transform: [0.510170043, -0.586765289, -0.628834724, 0.075179942, 0.160118282, 0.783155024, -0.600858212, 0.0166543406, 0.845037699, 0.205851957, 0.493494034, -0.0396404006, 0, 0, 0, 1]
                                        child:
                                          - name: RightThumb2
                                            transform: [0.857164979, -0.32255125, 0.401533186, 3.30097727e-08, 0.502659023, 0.353978574, -0.788690746, 1.7018337e-07, 0.11225903, 0.877872407, 0.465551317, -0.0496348217, 0, 0, 0, 1]
                      - name: RightUpperArm_FK
                        transform: [0.99952358, -0.00330350501, -0.0306877587, 0.00310982065, -0.00234801602, 0.983236253, -0.182320982, -7.14350108e-06, 0.0307756178, 0.182306185, 0.982760012, -0.153202683, 0, 0, 0, 1]
                        child:
                          - name: RightLowerArm_FK
                            transform: [0.999931872, 0.000543227477, 0.0116601167, -1.44748967e-07, -5.08709345e-05, 0.999109864, -0.042184528, -6.19844798e-08, -0.0116726523, 0.0421810634, 0.999041796, -0.149730876, 0, 0, 0, 1]
                            child:
                              - name: RightLowerArm2_FK
                                transform: [0.999995828, 4.91096088e-08, -0.00283845444, -4.52110925e-07, 4.91096372e-08, 1, 3.46029992e-05, 2.80516055e-08, 0.00283845444, -3.46030029e-05, 0.999995828, -0.0667146668, 0, 0, 0, 1]
                                child:
                                  - name: RightWrist_FK
                                    transform: [0.000317573576, -0.981487274, -0.191527471, 4.30715801e-07, 0.996906281, 0.0153651237, -0.0770857558, -4.74185065e-08, 0.078601554, -0.190910429, 0.978455365, -0.0686311871, 0, 0, 0, 1]
                      - name: RightUpperArm_IK
                        transform: [0.927387476, -0.246789888, 0.281153023, 0.00310982065, 0.340138108, 0.243350834, -0.908342659, -7.14350108e-06, 0.155750945, 0.938016653, 0.309623122, -0.153202683, 0, 0, 0, 1]
                        child:
                          - name: RightLowerArm_IK
                            transform: [0.978904307, 0.146107361, 0.142823741, -1.44748967e-07, 0.00921199936, 0.66675365, -0.745221198, -6.19844798e-08, -0.204110518, 0.730816126, 0.651342213, -0.149730876, 0, 0, 0, 1]
                            child:
                              - name: RightLowerArm2_IK
                                transform: [0.999995828, 4.91096088e-08, -0.00283845444, -4.52110925e-07, 4.91096372e-08, 1, 3.46029992e-05, 2.80516055e-08, 0.00283845444, -3.46030029e-05, 0.999995828, -0.0667146668, 0, 0, 0, 1]
                                child:
                                  - name: RightWrist_IK
                                    transform: [0.54088974, -0.815465391, -0.206044585, 4.30715801e-07, 0.681384623, 0.568452179, -0.46106109, -4.74185065e-08, 0.493105829, 0.10898757, 0.86311543, -0.0686311871, 0, 0, 0, 1]
              - name: HipSway
                transform: [0.951040506, -0.238361776, -0.196737632, 0, -0.190813199, 0.0479168929, -0.980456114, 0, 0.243130356, 0.969993651, 8.83117318e-05, 0, 0, 0, 0, 1]
                child:
                  - name: LeftLeg
                    transform: [-0.976904869, 0.00430648075, 0.213632345, 0.165920451, -0.20742248, -0.259218484, -0.943282485, 0.0380670838, 0.0513151959, -0.965809345, 0.25412482, 0.152263224, 0, 0, 0, 1]
                    child:
                      - name: LeftToe
                        transform: [-0.97713691, -0.20719339, 0.0476883799, -7.1054272e-17, 0.00725908531, -0.25668025, -0.966469109, -2.30926381e-16, 0.212486655, -0.94402653, 0.252315879, 0.123437747, 0, 0, 0, 1]
                  - name: RightLeg
                    transform: [-0.976579309, 0.00430645049, -0.215115145, -0.168645471, 0.206673861, -0.259217978, -0.943446934, -0.0123642171, -0.0598246381, -0.965809166, 0.25225696, 0.14716956, 0, 0, 0, 1]
                    child:
                      - name: RightToe
                        transform: [-0.97713691, 0.20719339, -0.0476883799, 3.5527136e-17, -0.00725908531, -0.25668025, -0.966469109, -1.06581408e-16, -0.212486655, -0.94402653, 0.252315879, 0.123437747, 0, 0, 0, 1]
              - name: Tail1
                transform: [0.999985218, -0.00420848047, -0.00340477517, 0.00095915742, 0.001653051, -0.361521482, 0.932362318, 0.135089725, -0.00515472703, -0.932354212, -0.361509323, 0.0343153141, 0, 0, 0, 1]
                child:
                  - name: Tail2
                    transform: [0.99998945, 0.00455838442, 0.000158254523, -0.0220329333, -0.00455839047, 0.999989629, 3.75211239e-05, 0.108267732, -0.000158080831, -3.82065773e-05, 1, 0.0746028423, 0, 0, 0, 1]
                    child:
                      - name: Tail3
                        transform: [1, 0, 0, 5.15371988e-15, 0, -0.994574666, 0.10402818, 1.6431301e-16, 0, -0.10402818, -0.994574666, 0.172958225, 0, 0, 0, 1]
      - name: Ctrl_Grp
        transform: [1, 0, 0, 0, 0, 1, 0, 0, 0, 0, 1, 0, 0, 0, 0, 1]
        child:
          - name: Gun001
            transform: [-3.57627869e-07, -1.00000012, 1.49011612e-07, -0.40252617, 0.196115941, -3.57627869e-07, -0.980580807, 0.269102573, 0.980580807, -1.49011612e-07, 0.196115792, -0.180480406, 0, 0, 0, 1]
            child:
              - name: GunBarrelStretch
                transform: [0.196286142, 0, 0.980546653, 0.293407023, 0, 1, 0, -1.90734593e-08, -0.980546653, 0, 0.196286142, 0.0201170109, 0, 0, 0, 1]
                child:
                  - name: GunBarrelEnd
                    transform: [5.96046412e-08, 0.999999881, 0.000173380162, 2.13162816e-16, -0.999999881, 5.96046412e-08, -1.45519152e-11, -2.78177478e-14, -1.45519144e-11, -0.000173380147, 1, 0.631401062, 0, 0, 0, 1]
  - name: Player
    transform: [1, 0, 0, 0, 0, 1, 0, 0.000282089546, 0, 0, 1, 0, 0, 0, 0, 1]
    mesh_index:
      - 1