General:
  id: 10381212507548947942
  type: 3
  hash: 16692071393325252352
model_name: Player
material:
  - id: 8166581421604106552
    name: GunMaterial
  - id: 6132495388571451466
    name: PlayerMaterial
mesh:
  - id: 4214606711624851624
    material_index: 0
  - id: 17170936283721459429
    material_index: 1
name: RootNode
transform: [1, 0, 0, 0, 0, 1, 0, 0, 0, 0, 1, 0, 0, 0, 0, 1]
child:
  - name: Gun
    transform: [1, 0, 0, 0, 0, 1, 0, 0, 0, 0, 1, 0, 0, 0, 0, 1]
    mesh_index:
      - 0
  - name: PlayerCtrl
    transform: [1, 0, 0, 0, 0, 1, 0, 0, 0, 0, 1, 0, 0, 0, 0, 1]
    child:
      - name: Root
        transform: [1, 0, 0, 0, 0, 1, 0, 0, 0, 0, 1, 0, 0, 0, 0, 1]
        child:
          - name: Hips
            transform: [1, 0, 0, -13.4608593, 0, 0.058942318, 0.998261333, 16.3613815, 0, -0.998261333, 0.058942318, -4.54037666, 0, 0, 0, 1]
            child:
              - name: Spine
                transform: [0.326608866, 0.732810616, -0.596921504, 2.74275088, -0.93031162, 0.360756785, -0.0661420822, 6.53713322, 0.166873872, 0.576925576, 0.799568534, 14.9609928, 0, 0, 0, 1]
                child:
                  - name: Head
                    transform: [0.517684758, -0.845618188, 0.130124003, 1.52009602e-15, 0.845393062, 0.528965235, 0.0742034391, 2.01288223, -0.131578863, 0.0715919659, 0.988717139, 23.2369671, 0, 0, 0, 1]
                    child:
                      - name: Hat1
                        transform: [0.945664287, 0.244812146, -0.2139768, 1.12348068, 0.00852769613, 0.639196277, 0.768996298, 2.94139099, 0.32503283, -0.729037046, 0.602377474, 54.8026543, 0, 0, 0, 1]
                        child:
                          - name: Hat2
                            transform: [0.66997683, -0.667687893, -0.324536353, -6.63901281, 0.716452658, 0.466994822, 0.518277407, -0.896175563, -0.19449082, -0.579748809, 0.79124248, 33.8402519, 0, 0, 0, 1]
                            child:
                              - name: Hat3
                                transform: [0.969143331, 0.138831332, 0.203683347, 9.76996262e-15, -0.243967414, 0.658322752, 0.712103367, 2.04281037e-14, -0.035227105, -0.739822328, 0.671879411, 20.7841396, 0, 0, 0, 1]
                                child:
                                  - name: Hat4
                                    transform: [0.834000111, 0.492948353, -0.247882351, 8.8817842e-16, -0.338412702, 0.811823964, 0.475834668, 6.66133815e-15, 0.435798824, -0.312959641, 0.843881249, 9.81351566, 0, 0, 0, 1]
                                    child:
                                      - name: Hat5
                                        transform: [0.871738255, -0.331562996, -0.36074698, -1.90342533e-14, 0.412398547, 0.894074678, 0.1748081, -1.33226763e-15, 0.264574826, -0.301158398, 0.916135132, 13.5960169, 0, 0, 0, 1]
                                        child:
                                          - name: HatEnd
                                            transform: [0.995138228, -0.0119355526, -0.0977624431, 2.30145764e-14, 9.31322575e-10, 0.992629647, -0.121187478, -4.10782519e-15, 0.0984883383, 0.120598286, 0.987803698, 8.92126656, 0, 0, 0, 1]
                      - name: LeftBrow3
                        transform: [0.696609318, 0.00581407547, 0.717427015, 11.8064175, 0.716030478, 0.0572506189, -0.695717454, -14.5256453, -0.0451181196, 0.998342991, 0.0357182622, 26.2666569, 0, 0, 0, 1]
                        child:
                          - name: LeftBrow3End
                            transform: [0.991216779, 0.0697608218, 0.112351097, -7.10542736e-15, -0.053225603, 0.98814863, -0.143976778, -1.28785871e-14, -0.121063523, 0.13673225, 0.983182549, 18.4453754, 0, 0, 0, 1]
                      - name: LeftBrow2
                        transform: [0.916594744, 0.0639895275, 0.394663543, 11.8064175, 0.399483711, -0.106254689, -0.91056174, -14.5256453, -0.0163315516, 0.992277801, -0.122955315, 26.2666569, 0, 0, 0, 1]
                        child:
                          - name: LeftBrow2End
                            transform: [0.985130847, 0.139065906, 0.10088554, -0.343128413, -0.150766268, 0.981319487, 0.119505867, 0.195151255, -0.0823817551, -0.132939056, 0.987694502, 18.4213009, 0, 0, 0, 1]
                      - name: LeftBrow1
                        transform: [0.999922991, 0.00568764471, 0.0110304505, 11.8064175, 0.00955150835, 0.214798033, -0.976611793, -14.5256453, -0.0079239402, 0.976641953, 0.214727163, 26.2666569, 0, 0, 0, 1]
                        child:
                          - name: LeftBrow1End
                            transform: [0.999952197, -0.000922582578, -0.00973616913, -1.38777878e-15, 2.91038305e-11, 0.99554044, -0.0943356976, 1.64313008e-14, 0.00977978297, 0.0943311825, 0.995492816, 18.4020481, 0, 0, 0, 1]
                      - name: RightBrow1
                        transform: [0.999947429, -0.0056876461, 0.00852878485, -11.4997387, -0.00955151021, -0.214798331, 0.976611853, -14.525651, -0.00372265372, -0.976642013, -0.214841366, 26.4023533, 0, 0, 0, 1]
                        child:
                          - name: RightBrow1End
                            transform: [1, 0, 1.86264515e-09, 6.79825025e-05, 0, 1, 0, -1.35318087e-05, 0, 0, 1, -18.4020424, 0, 0, 0, 1]
                      - name: RightBrow2
                        transform: [0.916722834, 0.0524281561, 0.396068871, -11.4997387, -0.3994838, 0.106254578, 0.910561681, -14.525651, 0.00565493107, -0.992955863, 0.1183502, 26.4023533, 0, 0, 0, 1]
                        child:
                          - name: RightBrow2End
                            transform: [0.992705226, 0.076596722, 0.0931092426, 0.343111306, -0.0880320221, 0.988159955, 0.125659138, -0.195195809, -0.0823817477, -0.13293907, 0.987694502, -18.4212399, 0, 0, 0, 1]
                      - name: RightBrow3
                        transform: [0.697087586, -0.0058140452, 0.716962457, -11.4997387, -0.716030598, -0.0572508536, 0.695717394, -14.525651, 0.0370017588, -0.998342872, -0.0440719128, 26.4023533, 0, 0, 0, 1]
                        child:
                          - name: RightBrow3End
                            transform: [0.98490417, 0.0757303834, 0.15565528, -0.814459443, -0.053225603, 0.98814863, -0.143976808, -1.35237606e-05, -0.164713949, 0.133518517, 0.977262557, -18.4273682, 0, 0, 0, 1]
                  - name: LeftShoulder
                    transform: [-0.0176757574, -0.219452217, 0.975463092, 8.36690426, -0.307616383, 0.929486811, 0.203534693, 2.90556479, -0.951346219, -0.296470761, -0.0839364529, 20.8529625, 0, 0, 0, 1]
                    child:
                      - name: LeftUpperArm
                        transform: [0.379306942, 0.825226247, 0.418483049, -0.270355195, 0.411597073, 0.254581302, -0.875086427, 0.00597821036, -0.828682125, 0.504172802, -0.243096292, 15.2926693, 0, 0, 0, 1]
                        child:
                          - name: LeftLowerArm
                            transform: [0.999998689, 0.000543101225, 0.00144976843, 2.13162821e-14, -0.000543057162, 0.999999881, -3.08826566e-05, -5.32907052e-15, -0.0014497852, 3.00966203e-05, 0.999998927, 14.9731321, 0, 0, 0, 1]
                            child:
                              - name: LeftLowerArm2
                                transform: [0.999995887, 4.91096301e-08, -0.00283845444, -1.42108547e-14, 4.91096408e-08, 1, 3.46030065e-05, -1.24344979e-14, 0.00283845444, -3.46030101e-05, 0.999995887, 6.67147446, 0, 0, 0, 1]
                                child:
                                  - name: LeftWrist
                                    transform: [0.915775299, 0.400177866, -0.0348364264, -2.62900812e-13, -0.397125155, 0.914993525, 0.0712680593, 2.66453526e-15, 0.0603949875, -0.05143103, 0.996848643, 6.86311913, 0, 0, 0, 1]
                                    child:
                                      - name: LeftHand1
                                        transform: [0.998278499, -0.00191501481, -0.0586207062, -3.55271368e-15, -0.0114654712, 0.97381258, -0.227063075, -7.10542736e-15, 0.0575204156, 0.227344304, 0.972114086, 9.05789185, 0, 0, 0, 1]
                                        child:
                                          - name: LeftHand2
                                            transform: [1, 0, 0, -1.77635684e-15, 0, 1, 0, 1.42108547e-14, 0, 0, 1, 9.39890289, 0, 0, 0, 1]
                                      - name: LeftThumb1
                                        transform: [0.510170043, -0.586765289, -0.628834724, -7.51799488, 0.160118282, 0.783155024, -0.600858212, -1.66544008, 0.845037699, 0.205851957, 0.493494034, 3.96397853, 0, 0, 0, 1]
                                        child:
                                          - name: LeftThumb2
                                            transform: [0.857164979, -0.32255125, 0.401533186, 7.10542736e-15, 0.502659023, 0.353978574, -0.788690746, 0, 0.112259045, 0.877872407, 0.465551317, 4.96346998, 0, 0, 0, 1]
                      - name: LeftUpperArm_FK
                        transform: [0.407015353, 0.386712044, 0.827521801, -0.270355195, 0.38654387, 0.747917235, -0.539632797, 0.00597821036, -0.8276003, 0.539512336, 0.154932648, 15.2926693, 0, 0, 0, 1]
                        child:
                          - name: LeftLowerArm_FK
                            transform: [0.999931872, 0.000543227477, 0.0116601167, 2.13162821e-14, -5.08709345e-05, 0.999109864, -0.042184528, -5.32907052e-15, -0.0116726523, 0.0421810634, 0.999041796, 14.9731321, 0, 0, 0, 1]
                            child:
                              - name: LeftLowerArm_2_FK
                                transform: [0.999995887, 4.91096301e-08, -0.00283845444, -1.42108547e-14, 4.91096408e-08, 1, 3.46030065e-05, -1.24344979e-14, 0.00283845444, -3.46030101e-05, 0.999995887, 6.67147446, 0, 0, 0, 1]
                                child:
                                  - name: LeftWrist_FK
                                    transform: [0.000317752361, -0.981487215, -0.191527456, -2.62900812e-13, 0.996906161, 0.0153653016, -0.077085726, 2.66453526e-15, 0.078601554, -0.190910384, 0.978455365, 6.86311913, 0, 0, 0, 1]
                      - name: LeftUpperArm_IK
                        transform: [0.379306942, 0.825226247, 0.418483049, -0.270355195, 0.411597073, 0.254581302, -0.875086427, 0.00597821036, -0.828682125, 0.504172802, -0.243096292, 15.2926693, 0, 0, 0, 1]
                        child:
                          - name: LeftLowerArm_IK
                            transform: [0.999998689, 0.000543101225, 0.00144976843, 2.13162821e-14, -0.000543057162, 0.999999881, -3.08826566e-05, -5.32907052e-15, -0.0014497852, 3.00966203e-05, 0.999998927, 14.9731321, 0, 0, 0, 1]
                            child:
                              - name: LeftLowerArm2_IK
                                transform: [0.999995887, 4.91096301e-08, -0.00283845444, -7.10542736e-15, 4.91096408e-08, 1, 3.46030065e-05, -1.33226763e-14, 0.00283845444, -3.46030101e-05, 0.999995887, 6.67147446, 0, 0, 0, 1]
                                child:
                                  - name: LeftWrist_IK
                                    transform: [0.915775299, 0.400177866, -0.0348364264, -2.7000624e-13, -0.397125155, 0.914993525, 0.0712680593, 2.66453526e-15, 0.0603949875, -0.05143103, 0.996848643, 6.86311913, 0, 0, 0, 1]
                  - name: RightShoulder
                    transform: [-0.0176759958, -0.219452292, 0.975463092, -8.40687943, 0.307616472, -0.929486692, -0.203534693, 2.91003609, 0.951346219, 0.296470821, 0.0839367509, 20.8373756, 0, 0, 0, 1]
                    child:
                      - name: RightUpperArm
                        transform: [0.927387536, -0.246789873, 0.281153023, 0.310982078, 0.340138137, 0.243350819, -0.908342659, -0.000714350143, 0.15575096, 0.938016593, 0.309623122, -15.3202686, 0, 0, 0, 1]
                        child:
                          - name: RightLowerArm
                            transform: [0.978904366, 0.146107361, 0.142823711, -1.44748974e-05, 0.00921198539, 0.66675365, -0.745221198, -6.19844786e-06, -0.204110533, 0.730816126, 0.651342213, -14.9730883, 0, 0, 0, 1]
                            child:
                              - name: RightLowerArm2
                                transform: [0.999995887, 4.91096088e-08, -0.00283845444, -4.52110944e-05, 4.91096408e-08, 1, 3.46029992e-05, 2.80516065e-06, 0.00283845444, -3.46030029e-05, 0.999995887, -6.67146683, 0, 0, 0, 1]
                                child:
                                  - name: RightWrist
                                    transform: [0.5408898, -0.815465391, -0.206044644, 4.30715809e-05, 0.681384504, 0.568452358, -0.461061001, -4.74185072e-06, 0.493105829, 0.108987585, 0.86311543, -6.86311913, 0, 0, 0, 1]
                                    child:
                                      - name: RightHand1
                                        transform: [0.998278499, -0.00191501481, -0.0586207062, 5.66382823e-06, -0.0114654712, 0.97381258, -0.227063075, -3.267379e-05, 0.0575204156, 0.227344304, 0.972114086, -9.0579071, 0, 0, 0, 1]
                                        child:
                                          - name: RightHand2
                                            transform: [1, 0, 0, 2.56261046e-06, 0, 1, 0, 2.19878311e-05, 0, 0, 1, -9.39888477, 0, 0, 0, 1]
                                      - name: RightThumb1
                                        transform: [0.510170043, -0.586765289, -0.628834724, 7.5179944, 0.160118282, 0.783155024, -0.600858212, 1.665434, 0.845037699, 0.205851957, 0.493494034, -3.96404004, 0, 0, 0, 1]
                                        child:
                                          - name: RightThumb2
                                            transform: [0.857164979, -0.32255125, 0.401533186, 3.30097737e-06, 0.502659023, 0.353978574, -0.788690746, 1.70183375e-05, 0.112259045, 0.877872407, 0.465551317, -4.96348238, 0, 0, 0, 1]
                      - name: RightUpperArm_FK
                        transform: [0.99952358, -0.00330350501, -0.0306877587, 0.310982078, -0.00234801602, 0.983236253, -0.182320982, -0.000714350143, 0.0307756178, 0.182306185, 0.982760012, -15.3202686, 0, 0, 0, 1]
                        child:
                          - name: RightLowerArm_FK
                            transform: [0.999931872, 0.000543227477, 0.0116601167, -1.44748974e-05, -5.08709345e-05, 0.999109864, -0.042184528, -6.19844786e-06, -0.0116726523, 0.0421810634, 0.999041796, -14.9730883, 0, 0, 0, 1]
                            child:
                              - name: RightLowerArm2_FK
                                transform: [0.999995887, 4.91096088e-08, -0.00283845444, -4.52110944e-05, 4.91096408e-08, 1, 3.46029992e-05, 2.80516065e-06, 0.00283845444, -3.46030029e-05, 0.999995887, -6.67146683, 0, 0, 0, 1]
                                child:
                                  - name: RightWrist_FK
                                    transform: [0.000317752361, -0.981487215, -0.191527456, 4.30715809e-05, 0.996906161, 0.0153653016, -0.077085726, -4.74185072e-06, 0.078601554, -0.190910384, 0.978455365, -6.86311913, 0, 0, 0, 1]
                      - name: RightUpperArm_IK
                        transform: [0.927387536, -0.246789873, 0.281153023, 0.310982078, 0.340138137, 0.243350819, -0.908342659, -0.000714350143, 0.15575096, 0.938016593, 0.309623122, -15.3202686, 0, 0, 0, 1]
                        child:
                          - name: RightLowerArm_IK
                            transform: [0.978904366, 0.146107361, 0.142823711, -1.44748974e-05, 0.00921198539, 0.66675365, -0.745221198, -6.19844786e-06, -0.204110533, 0.730816126, 0.651342213, -14.9730883, 0, 0, 0, 1]
                            child:
                              - name: RightLowerArm2_IK
                                transform: [0.999995887, 4.91096088e-08, -0.00283845444, -4.52110944e-05, 4.91096408e-08, 1, 3.46029992e-05, 2.80516065e-06, 0.00283845444, -3.46030029e-05, 0.999995887, -6.67146683, 0, 0, 0, 1]
                                child:
                                  - name: RightWrist_IK
                                    transform: [0.5408898, -0.815465391, -0.206044644, 4.30715809e-05, 0.681384504, 0.568452358, -0.461061001, -4.74185072e-06, 0.493105829, 0.108987585, 0.86311543, -6.86311913, 0, 0, 0, 1]
              - name: HipSway
                transform: [0.951040506, -0.238361776, -0.196737632, 0, -0.190813199, 0.0479168929, -0.980456114, 0, 0.243130356, 0.969993651, 8.83117318e-05, 0, 0, 0, 0, 1]
                child:
                  - name: LeftLeg
                    transform: [-0.97690475, 0.00430649519, 0.213632345, 16.5920448, -0.207422465, -0.259218454, -0.943282485, 3.80670857, 0.051315181, -0.965809226, 0.25412482, 15.2263231, 0, 0, 0, 1]
                    child:
                      - name: LeftToe
                        transform: [-0.97713697, -0.207193375, 0.047688365, -7.10542736e-15, 0.00725909323, -0.25668025, -0.966469109, -2.30926389e-14, 0.212486655, -0.94402653, 0.252315879, 12.3437748, 0, 0, 0, 1]
                  - name: RightLeg
                    transform: [-0.976579368, 0.00430642767, -0.21511516, -16.8645477, 0.206673846, -0.259218186, -0.943446934, -1.2364217, -0.0598246194, -0.965809226, 0.25225693, 14.7169571, 0, 0, 0, 1]
                    child:
                      - name: RightToe
                        transform: [-0.97713697, 0.207193375, -0.047688365, 3.55271368e-15, -0.00725909323, -0.25668025, -0.966469109, -1.0658141e-14, -0.212486655, -0.94402653, 0.252315879, 12.3437748, 0, 0, 0, 1]
              - name: Tail1
                transform: [0.999985278, -0.00420848094, -0.0034047747, 0.0959157422, 0.00165305217, -0.361521482, 0.932362258, 13.5089722, -0.00515472796, -0.932354212, -0.361509264, 3.43153167, 0, 0, 0, 1]
                child:
                  - name: Tail2
                    transform: [0.99998951, 0.00455838442, 0.000158253592, -2.20329332, -0.00455839047, 0.999989629, 3.75211239e-05, 10.8267736, -0.000158080831, -3.82065773e-05, 1, 7.46028423, 0, 0, 0, 1]
                    child:
                      - name: Tail3
                        transform: [1, 0, 0, 5.15371979e-13, 0, -0.994574428, 0.10402818, 1.64313008e-14, 0, -0.10402818, -0.994574428, 17.2958221, 0, 0, 0, 1]
      - name: Ctrl_Grp
        transform: [1, 0, 0, 0, 0, 1, 0, 0, 0, 0, 1, 0, 0, 0, 0, 1]
        child:
          - name: Gun001
            transform: [-1.1920929e-07, -1, 2.98023224e-08, -40.2526169, 0.19611606, -1.1920929e-07, -0.980580688, 26.9102573, 0.980580688, -2.98023224e-08, 0.19611603, -18.0480404, 0, 0, 0, 1]
            child:
              - name: GunBarrelStretch
                transform: [0.196286142, 0, 0.980546653, 29.3407021, 0, 1, 0, -1.9073459e-06, -0.980546653, 0, 0.196286142, 2.01170111, 0, 0, 0, 1]
                child:
                  - name: GunBarrelEnd
                    transform: [5.96046448e-08, 0.99999994, 0.000173380162, 2.13162821e-14, -0.99999994, 5.96046448e-08, -1.45519152e-11, -2.78177481e-12, -1.45519152e-11, -0.000173380162, 1, 63.14011, 0, 0, 0, 1]
  - name: Player
    transform: [1, 0, 0, 0, 0, 1, 0, 0.0282089561, 0, 0, 1, 0, 0, 0, 0, 1]
    mesh_index:
      - 1