General:
  id: 8562921219608322949
  type: 3
  hash: 2104536046300317796
model_name: Zombunny
material:
  - id: 8562921219608422949
    name: ZombunnyMaterial
  - id: 8562921219608422950
    name: EyesMaterial
mesh:
  - id: 8562921219608323949
    material_index: 0
  - id: 8562921219608323950
    material_index: 1
animations: 1
animation_id:
  - 8562921219618322949
name: RootNode
transform: [1, 0, 0, 0, 0, 1, 0, 0, 0, 0, 1, 0, 0, 0, 0, 1]
child:
  - name: Zombunny
    transform: [1, 0, 0, 0, 0, 1, 0, 0, 0, 0, 1, 0, 0, 0, 0, 1]
    mesh_index:
      - 0
      - 1
  - name: Ctrl_Grp
    transform: [1, 0, 0, 0, 0, 1, 0, 0, 0, 0, 1, 0, 0, 0, 0, 1]
    child:
      - name: Root_$AssimpFbx$_PreRotation
        transform: [5.96046412e-08, -0.999999881, 0, 0, 0.999999881, 5.96046412e-08, 0, 0, 0, 0, 1, 0, 0, 0, 0, 1]
        child:
          - name: Root
            transform: [1, 0, 0, 0, 0, 1, 0, 0, 0, 0, 1, 0, 0, 0, 0, 1]
            child:
              - name: Hips_$AssimpFbx$_Translation
                transform: [1, 0, 0, 0.290998369, 0, 1, 0, 0.00272642844, 0, 0, 1, 0.000208236452, 0, 0, 0, 1]
                child:
                  - name: Hips_$AssimpFbx$_PreRotation
                    transform: [0, 0, 1, 0, -1, 0, 0, 0, 0, -1, 0, 0, 0, 0, 0, 1]
                    child:
                      - name: Hips_$AssimpFbx$_Rotation
                        transform: [0.99640578, 0.0226976741, -0.08161024, 0, -0.0198154934, 0.999156952, 0.0359546244, 0, 0.0823575109, -0.034208253, 0.996015608, 0, 0, 0, 0, 1]
                        child:
                          - name: Hips
                            transform: [1, 0, 0, 0, 0, 1, 0, 0, 0, 0, 1, 0, 0, 0, 0, 1]
                            child:
                              - name: Spine
                                transform: [0.973614573, -0.0284717623, -0.226415649, 0.000258133921, -0.0131770875, 0.983516037, -0.180340156, -5.96009959e-05, 0.227818042, 0.178565323, 0.957190275, 0.194010273, 0, 0, 0, 1]
                                child:
                                  - name: Head
                                    transform: [0.990496814, 0.0826304108, 0.10994669, 5.3290704e-17, -0.0542604998, 0.969335079, -0.239677176, 8.881784e-18, -0.126379833, 0.231433719, 0.964606822, 0.230286196, 0, 0, 0, 1]
                                    child:
                                      - name: HeadEnd
                                        transform: [1, 0, 0, 1.6008797e-16, 0, 1, 0, 4.00219924e-17, 0, 0, 1, 0.36048606, 0, 0, 0, 1]
                                      - name: LeftEar_$AssimpFbx$_Translation
                                        transform: [1, 0, 0, 0.339664906, 0, 1, 0, 0.0694511235, 0, 0, 1, 0.409042209, 0, 0, 0, 1]
                                        child:
                                          - name: LeftEar_$AssimpFbx$_PreRotation
                                            transform: [0.73105526, -0.113757253, 0.672768533, 0, 3.7252903e-09, 0.986003876, 0.166721717, 0, -0.68231827, -0.121882774, 0.720823407, 0, 0, 0, 0, 1]
                                            child:
                                              - name: LeftEar_$AssimpFbx$_Rotation
                                                transform: [0.977127373, -0.0030789189, 0.212632492, 0, -0.0182154216, 0.995008409, 0.0981145278, 0, -0.211873218, -0.0997435823, 0.972193897, 0, 0, 0, 0, 1]
                                                child:
                                                  - name: LeftEar
                                                    transform: [1, 0, 0, 0, 0, 1, 0, 0, 0, 0, 1, 0, 0, 0, 0, 1]
                                                    child:
                                                      - name: LeftEarEnd
                                                        transform: [1, 0, 0, 4.63612433e-17, 0, 1, 0, 3.01980666e-16, 0, 0, 1, 0.21373941, 0, 0, 0, 1]
                                      - name: RightEar_$AssimpFbx$_Translation
                                        transform: [1, 0, 0, -0.339664996, 0, 1, 0, 0.0694510937, 0, 0, 1, 0.409042537, 0, 0, 0, 1]
                                        child:
                                          - name: RightEar_$AssimpFbx$_PreRotation
                                            transform: [0.73105526, -0.113757163, 0.672768593, 0, -7.4505806e-09, -0.986004353, -0.166721553, 0, 0.68231827, 0.121882677, -0.720823705, 0, 0, 0, 0, 1]
                                            child:
                                              - name: RightEar_$AssimpFbx$_Rotation
                                                transform: [0.989602864, 0.0513282903, -0.13435632, 0, -0.0374932028, 0.993917108, 0.103550784, 0, 0.138854146, -0.0974366888, 0.985507786, 0, 0, 0, 0, 1]
                                                child:
                                                  - name: RightEar
                                                    transform: [1, 0, 0, 0, 0, 1, 0, 0, 0, 0, 1, 0, 0, 0, 0, 1]
                                                    child:
                                                      - name: RightEarEnd
                                                        transform: [1, 0, 0, -8.28529267e-07, 0, 1, 0, -9.09704241e-08, 0, 0, 1, -0.213738307, 0, 0, 0, 1]
                                  - name: LeftUpperArm_$AssimpFbx$_Translation
                                    transform: [1, 0, 0, 0.172865421, 0, 1, 0, 0.0691770837, 0, 0, 1, 0.191902742, 0, 0, 0, 1]
                                    child:
                                      - name: LeftUpperArm_$AssimpFbx$_PreRotation
                                        transform: [1.7881392e-07, 0, 0.999999881, 0, 0, 1, 0, 0, -0.999999881, 0, 1.7881392e-07, 0, 0, 0, 0, 1]
                                        child:
                                          - name: LeftUpperArm_$AssimpFbx$_Rotation
                                            transform: [0.989838719, 0.048945576, 0.133504108, 0, 0.0959127098, 0.4633165, -0.880987227, 0, -0.104975082, 0.88484025, 0.453914136, 0, 0, 0, 0, 1]
                                            child:
                                              - name: LeftUpperArm
                                                transform: [1, 0, 0, 0, 0, 1, 0, 0, 0, 0, 1, 0, 0, 0, 0, 1]
                                                child:
                                                  - name: LeftLowerArm
                                                    transform: [0.998103857, 0.0160976965, -0.0594100393, -1.52853167e-17, -0.017469408, 0.999590993, -0.0226421449, 1.57772178e-32, 0.0590212531, 0.0236370694, 0.99797684, 0.251161069, 0, 0, 0, 1]
                                                    child:
                                                      - name: LeftWrist
                                                        transform: [0.999599576, -0, -0.0282963682, 3.89922935e-16, 0, 1, -0, -1.26217742e-31, 0.0282963682, 0, 0.999599576, 0.238028452, 0, 0, 0, 1]
                                                        child:
                                                          - name: LeftWristEnd
                                                            transform: [1, 0, 0, -9.32651435e-17, 0, 1, 0, 6.3108871e-32, 0, 0, 1, 0.10998556, 0, 0, 0, 1]
                                  - name: LeftUpperArmFK_$AssimpFbx$_Translation
                                    transform: [1, 0, 0, 0.172865421, 0, 1, 0, 0.0691770837, 0, 0, 1, 0.191902742, 0, 0, 0, 1]
                                    child:
                                      - name: LeftUpperArmFK_$AssimpFbx$_PreRotation
                                        transform: [1.7881392e-07, 0, 0.999999881, 0, 0, 1, 0, 0, -0.999999881, 0, 1.7881392e-07, 0, 0, 0, 0, 1]
                                        child:
                                          - name: LeftUpperArmFK_$AssimpFbx$_Rotation
                                            transform: [0.989838719, 0.048945576, 0.133504108, 0, 0.0959127098, 0.4633165, -0.880987227, 0, -0.104975082, 0.88484025, 0.453914136, 0, 0, 0, 0, 1]
                                            child:
                                              - name: LeftUpperArmFK
                                                transform: [1, 0, 0, 0, 0, 1, 0, 0, 0, 0, 1, 0, 0, 0, 0, 1]
                                                child:
                                                  - name: LeftLowerArmFK
                                                    transform: [0.998103857, 0.0160976965, -0.0594100393, -1.52853167e-17, -0.017469408, 0.999590993, -0.0226421449, 1.57772178e-32, 0.0590212531, 0.0236370694, 0.99797684, 0.251161069, 0, 0, 0, 1]
                                                    child:
                                                      - name: LeftWristFK
                                                        transform: [0.999599576, -0, -0.0282963682, 3.89922935e-16, 0, 1, -0, -1.26217742e-31, 0.0282963682, 0, 0.999599576, 0.238028452, 0, 0, 0, 1]
                                  - name: LeftUpperArmIK_$AssimpFbx$_Translation
                                    transform: [1, 0, 0, 0.172865421, 0, 1, 0, 0.0691770837, 0, 0, 1, 0.191902742, 0, 0, 0, 1]
                                    child:
                                      - name: LeftUpperArmIK_$AssimpFbx$_PreRotation
                                        transform: [1.7881392e-07, 0, 0.999999881, 0, 0, 1, 0, 0, -0.999999881, 0, 1.7881392e-07, 0, 0, 0, 0, 1]
                                        child:
                                          - name: LeftUpperArmIK_$AssimpFbx$_Rotation
                                            transform: [-0.804220557, -0.0167162716, 0.594095826, 0, 0.00378051586, -0.999728084, -0.0230120346, 0, 0.594319046, -0.0162607636, 0.804064989, 0, 0, 0, 0, 1]
                                            child:
                                              - name: LeftUpperArmIK
                                                transform: [1, 0, 0, 0, 0, 1, 0, 0, 0, 0, 1, 0, 0, 0, 0, 1]
                                                child:
                                                  - name: LeftLowerArmIK
                                                    transform: [1, 0, 0, -1.52853167e-17, 0, 1, 0, 1.57772178e-32, 0, 0, 1, 0.251161069, 0, 0, 0, 1]
                                                    child:
                                                      - name: LeftWristIK
                                                        transform: [-0.940006852, -0.124306738, 0.317703396, 3.89922935e-16, 0.131098926, -0.991369605, -1.04308128e-07, -1.26217742e-31, 0.314961433, 0.0416504703, 0.948190153, 0.238028452, 0, 0, 0, 1]
                                  - name: RightUpperArm_$AssimpFbx$_Translation
                                    transform: [1, 0, 0, -0.172865003, 0, 1, 0, 0.0691770986, 0, 0, 1, 0.191902727, 0, 0, 0, 1]
                                    child:
                                      - name: RightUpperArm_$AssimpFbx$_PreRotation
                                        transform: [5.96046412e-08, -8.74227695e-08, 0.999999881, 0, -3.55271347e-15, -0.999999762, -8.74227695e-08, 0, 0.999999881, -3.55271326e-15, 5.96046412e-08, 0, 0, 0, 0, 1]
                                        child:
                                          - name: RightUpperArm_$AssimpFbx$_Rotation
                                            transform: [0.979302824, 0.187992036, 0.0749979541, 0, -0.000655353011, 0.373486757, -0.927635312, 0, -0.202398747, 0.908386827, 0.365879893, 0, 0, 0, 0, 1]
                                            child:
                                              - name: RightUpperArm
                                                transform: [1, 0, 0, 0, 0, 1, 0, 0, 0, 0, 1, 0, 0, 0, 0, 1]
                                                child:
                                                  - name: RightLowerArm
                                                    transform: [0.997650206, -0.0150346402, 0.0668431371, -2.13162816e-16, 0.0123866918, 0.999128699, 0.0398538336, -3.5527136e-17, -0.0673841015, -0.0389322191, 0.996967196, -0.251161009, 0, 0, 0, 1]
                                                    child:
                                                      - name: RightWrist
                                                        transform: [1, 0, 0, -1.42108544e-16, 0, 1, 0, -6.21724896e-17, 0, 0, 1, -0.238029003, 0, 0, 0, 1]
                                                        child:
                                                          - name: RightWristEnd
                                                            transform: [1, 0, 0, -7.1054272e-17, 0, 1, 0, -2.6645352e-17, 0, 0, 1, -0.109984994, 0, 0, 0, 1]
                                  - name: RightUpperArmFK_$AssimpFbx$_Translation
                                    transform: [1, 0, 0, -0.172865003, 0, 1, 0, 0.0691770986, 0, 0, 1, 0.191902727, 0, 0, 0, 1]
                                    child:
                                      - name: RightUpperArmFK_$AssimpFbx$_PreRotation
                                        transform: [5.96046412e-08, -8.74227695e-08, 0.999999881, 0, -3.55271347e-15, -0.999999762, -8.74227695e-08, 0, 0.999999881, -3.55271326e-15, 5.96046412e-08, 0, 0, 0, 0, 1]
                                        child:
                                          - name: RightUpperArmFK_$AssimpFbx$_Rotation
                                            transform: [0.979302824, 0.187992036, 0.0749979541, 0, -0.000655353011, 0.373486757, -0.927635312, 0, -0.202398747, 0.908386827, 0.365879893, 0, 0, 0, 0, 1]
                                            child:
                                              - name: RightUpperArmFK
                                                transform: [1, 0, 0, 0, 0, 1, 0, 0, 0, 0, 1, 0, 0, 0, 0, 1]
                                                child:
                                                  - name: RightLowerArmFK
                                                    transform: [0.997650206, -0.0150346402, 0.0668431371, -2.13162816e-16, 0.0123866918, 0.999128699, 0.0398538336, -3.5527136e-17, -0.0673841015, -0.0389322191, 0.996967196, -0.251161009, 0, 0, 0, 1]
                                                    child:
                                                      - name: RightWristFK
                                                        transform: [1, 0, 0, -1.42108544e-16, 0, 1, 0, -6.21724896e-17, 0, 0, 1, -0.238029003, 0, 0, 0, 1]
                                  - name: RightUpperArmIK_$AssimpFbx$_Translation
                                    transform: [1, 0, 0, -0.172865003, 0, 1, 0, 0.0691770986, 0, 0, 1, 0.191902727, 0, 0, 0, 1]
                                    child:
                                      - name: RightUpperArmIK_$AssimpFbx$_PreRotation
                                        transform: [5.96046412e-08, -8.74227695e-08, 0.999999881, 0, -3.55271347e-15, -0.999999762, -8.74227695e-08, 0, 0.999999881, -3.55271326e-15, 5.96046412e-08, 0, 0, 0, 0, 1]
                                        child:
                                          - name: RightUpperArmIK_$AssimpFbx$_Rotation
                                            transform: [-0.926554203, 0.0449253619, 0.373469144, 0, -0.0281020291, -0.998335361, 0.0503723286, 0, 0.375110358, 0.0361774489, 0.926273942, 0, 0, 0, 0, 1]
                                            child:
                                              - name: RightUpperArmIK
                                                transform: [1, 0, 0, 0, 0, 1, 0, 0, 0, 0, 1, 0, 0, 0, 0, 1]
                                                child:
                                                  - name: RightLowerArmIK
                                                    transform: [0.528638721, 0, 0.848846912, -2.13162816e-16, 0, 1, 0, -3.5527136e-17, -0.848846912, 0, 0.528638721, -0.251161009, 0, 0, 0, 1]
                                                    child:
                                                      - name: RightWristIK
                                                        transform: [-0.931799054, -0.185281605, -0.312124223, -1.42108544e-16, 0.195024773, -0.980798483, -2.04890966e-08, -6.21724896e-17, -0.306130916, -0.0608719811, 0.950041294, -0.238029003, 0, 0, 0, 1]
                              - name: LeftLeg_$AssimpFbx$_Translation
                                transform: [1, 0, 0, 0.154882804, 0, 1, 0, -0.129643455, 0, 0, 1, 0.000197515576, 0, 0, 0, 1]
                                child:
                                  - name: LeftLeg_$AssimpFbx$_PreRotation
                                    transform: [0.99980402, 1.73080472e-09, 0.0197980981, 0, 0, -1, 8.74227766e-08, 0, 0.0197980981, -8.74056383e-08, -0.99980402, 0, 0, 0, 0, 1]
                                    child:
                                      - name: LeftLeg
                                        transform: [1, 0, 0, 0, 0, 1, 0, 0, 0, 0, 1, 0, 0, 0, 0, 1]
                                        child:
                                          - name: LeftFoot_$AssimpFbx$_Translation
                                            transform: [1, 0, 0, 0.0486446656, 0, 1, 0, 0.0775691867, 0, 0, 1, 0.12021666, 0, 0, 0, 1]
                                            child:
                                              - name: LeftFoot_$AssimpFbx$_PreRotation
                                                transform: [0.99980402, 0.0173383504, -0.00955752656, 0, 0, 0.482749701, 0.87575841, 0, 0.0197981, -0.875586748, 0.482655048, 0, 0, 0, 0, 1]
                                                child:
                                                  - name: LeftFoot_$AssimpFbx$_Rotation
                                                    transform: [1, 0, 0, 0, 0, 1, 0, 0, 0, 0, 1, 0, 0, 0, 0, 1]
                                                    child:
                                                      - name: LeftFoot
                                                        transform: [1, 0, 0, 0, 0, 1, 0, 0, 0, 0, 1, 0, 0, 0, 0, 1]
                                                        child:
                                                          - name: LeftFootEnd
                                                            transform: [1, 0, 0, -7.29076793e-17, 0, 1, 0, 0, 0, 0, 1, 0.0599848554, 0, 0, 0, 1]
                              - name: RightLeg_$AssimpFbx$_Translation
                                transform: [1, 0, 0, -0.154882997, 0, 1, 0, -0.129642993, 0, 0, 1, 0.000197387373, 0, 0, 0, 1]
                                child:
                                  - name: RightLeg_$AssimpFbx$_PreRotation
                                    transform: [0.99980402, 0, 0.0197980981, 0, 0, 1, 0, 0, -0.0197980981, 0, 0.99980402, 0, 0, 0, 0, 1]
                                    child:
                                      - name: RightLeg
                                        transform: [1, 0, 0, 0, 0, 1, 0, 0, 0, 0, 1, 0, 0, 0, 0, 1]
                                        child:
                                          - name: RightFoot_$AssimpFbx$_Translation
                                            transform: [1, 0, 0, -0.0098275803, 0, 1, 0, 0.0917390585, 0, 0, 1, -0.240331069, 0, 0, 0, 1]
                                            child:
                                              - name: RightFoot_$AssimpFbx$_PreRotation
                                                transform: [0.99980402, 0.0173383504, -0.00955752656, 0, 0, 0.482749701, 0.87575841, 0, 0.0197981, -0.875586748, 0.482655048, 0, 0, 0, 0, 1]
                                                child:
                                                  - name: RightFoot_$AssimpFbx$_Rotation
                                                    transform: [1, 0, 0, 0, 0, 1, 0, 0, 0, 0, 1, 0, 0, 0, 0, 1]
                                                    child:
                                                      - name: RightFoot
                                                        transform: [1, 0, 0, 0, 0, 1, 0, 0, 0, 0, 1, 0, 0, 0, 0, 1]
                                                        child:
                                                          - name: RightFootEnd
                                                            transform: [1, 0, 0, 9.41469074e-16, 0, 1, 0, -3.4134402e-07, 0, 0, 1, -0.0599855408, 0, 0, 0, 1]