General:
  id: 8100544187205137094
  type: 3
  hash: 2104536046300317796
model_name: Zombunny
material:
  - id: 17999909046537465958
    name: ZombunnyMaterial
  - id: 8865943338843104509
    name: EyesMaterial
mesh:
  - id: 417936244865096421
    material_index: 0
  - id: 16507773940312095104
    material_index: 1
name: RootNode
transform: [1, 0, 0, 0, 0, 1, 0, 0, 0, 0, 1, 0, 0, 0, 0, 1]
child:
  - name: Zombunny
    transform: [1, 0, 0, 0, 0, 1, 0, 0, 0, 0, 1, 0, 0, 0, 0, 1]
    mesh_index:
      - 0
      - 1
  - name: Ctrl_Grp
    transform: [1, 0, 0, 0, 0, 1, 0, 0, 0, 0, 1, 0, 0, 0, 0, 1]
    child:
      - name: Root
        transform: [5.96046448e-08, -0.99999994, 0, 0, 0.99999994, 5.96046448e-08, 0, 0, 0, 0, 1, 0, 0, 0, 0, 1]
        child:
          - name: Hips
            transform: [0.0823575109, -0.034208253, 0.996015608, 29.0998363, -0.99640578, -0.0226976741, 0.08161024, 0.272642851, 0.0198154934, -0.999156952, -0.0359546244, 0.0208236463, 0, 0, 0, 1]
            child:
              - name: Spine
                transform: [0.973614573, -0.0284717642, -0.226415649, 0.0258133933, -0.0131770903, 0.983516037, -0.180340171, -0.00596009986, 0.227818027, 0.178565323, 0.957190335, 19.4010277, 0, 0, 0, 1]
                child:
                  - name: Head
                    transform: [0.990496814, 0.0826304182, 0.10994669, 5.32907052e-15, -0.0542604998, 0.969335139, -0.239677161, 8.8817842e-16, -0.126379833, 0.231433704, 0.964606881, 23.0286198, 0, 0, 0, 1]
                    child:
                      - name: HeadEnd
                        transform: [1, 0, 0, 1.60087973e-14, 0, 1, 0, 4.00219934e-15, 0, 0, 1, 36.0486069, 0, 0, 0, 1]
                      - name: LeftEar
                        transform: [0.573864639, -0.182544619, 0.798346281, 33.9664917, -0.0532843284, 0.964452803, 0.25882712, 6.94511271, -0.817214906, -0.191071078, 0.543738604, 40.9042206, 0, 0, 0, 1]
                        child:
                          - name: LeftEarEnd
                            transform: [1, 0, 0, 4.6361243e-15, 0, 1, 0, 3.01980663e-14, 0, 0, 1, 21.3739414, 0, 0, 0, 1]
                      - name: RightEar
                        transform: [0.821136177, -0.141093716, 0.553017139, -33.9664993, 0.0138184652, -0.963761687, -0.266406894, 6.94510984, 0.570564985, 0.22639817, -0.789430082, 40.9042549, 0, 0, 0, 1]
                        child:
                          - name: RightEarEnd
                            transform: [1, 0, 0, -8.28529301e-05, 0, 1, 0, -9.09704249e-06, 0, 0, 1, -21.3738308, 0, 0, 0, 1]
                  - name: LeftUpperArm
                    transform: [-0.10497503, 0.884840131, 0.453914106, 17.2865429, 0.0959127098, 0.46331647, -0.880987227, 6.91770887, -0.989838719, -0.0489455238, -0.133504063, 19.1902752, 0, 0, 0, 1]
                    child:
                      - name: LeftLowerArm
                        transform: [0.998103857, 0.0160976965, -0.0594100393, -1.52853173e-15, -0.017469408, 0.999590993, -0.0226421449, 1.57772181e-30, 0.0590212531, 0.0236370694, 0.99797684, 25.116106, 0, 0, 0, 1]
                        child:
                          - name: LeftWrist
                            transform: [0.999599576, -0, -0.0282963682, 3.89922944e-14, 0, 1, -0, -1.26217745e-29, 0.0282963682, 0, 0.999599576, 23.802845, 0, 0, 0, 1]
                            child:
                              - name: LeftWristEnd
                                transform: [1, 0, 0, -9.32651461e-15, 0, 1, 0, 6.31088724e-30, 0, 0, 1, 10.9985561, 0, 0, 0, 1]
                  - name: LeftUpperArmFK
                    transform: [-0.10497503, 0.884840131, 0.453914106, 17.2865429, 0.0959127098, 0.46331647, -0.880987227, 6.91770887, -0.989838719, -0.0489455238, -0.133504063, 19.1902752, 0, 0, 0, 1]
                    child:
                      - name: LeftLowerArmFK
                        transform: [0.998103857, 0.0160976965, -0.0594100393, -1.52853173e-15, -0.017469408, 0.999590993, -0.0226421449, 1.57772181e-30, 0.0590212531, 0.0236370694, 0.99797684, 25.116106, 0, 0, 0, 1]
                        child:
                          - name: LeftWristFK
                            transform: [0.999599576, -0, -0.0282963682, 3.89922944e-14, 0, 1, -0, -1.26217745e-29, 0.0282963682, 0, 0.999599576, 23.802845, 0, 0, 0, 1]
                  - name: LeftUpperArmIK
                    transform: [0.594318867, -0.0162607618, 0.804065049, 17.2865429, 0.00378051912, -0.999728143, -0.0230120365, 6.91770887, 0.804220676, 0.0167162661, -0.594095707, 19.1902752, 0, 0, 0, 1]
                    child:
                      - name: LeftLowerArmIK
                        transform: [1, 0, 0, -1.52853173e-15, 0, 1, 0, 1.57772181e-30, 0, 0, 1, 25.116106, 0, 0, 0, 1]
                        child:
                          - name: LeftWristIK
                            transform: [-0.940006733, -0.124306738, 0.317703426, 3.89922944e-14, 0.131098926, -0.991369486, -1.09896064e-07, -1.26217745e-29, 0.314961433, 0.0416504741, 0.948190153, 23.802845, 0, 0, 0, 1]
                  - name: RightUpperArm
                    transform: [-0.202398703, 0.908386767, 0.365879923, -17.2865009, 0.000655378099, -0.373486817, 0.927635074, 6.91770983, 0.979302824, 0.187992081, 0.0749979541, 19.1902733, 0, 0, 0, 1]
                    child:
                      - name: RightLowerArm
                        transform: [0.997650206, -0.0150346402, 0.0668431371, -2.13162821e-14, 0.0123866918, 0.999128699, 0.0398538336, -3.55271368e-15, -0.0673841015, -0.0389322191, 0.996967196, -25.1161003, 0, 0, 0, 1]
                        child:
                          - name: RightWrist
                            transform: [1, 0, 0, -1.42108547e-14, 0, 1, 0, -6.21724894e-15, 0, 0, 1, -23.8029003, 0, 0, 0, 1]
                            child:
                              - name: RightWristEnd
                                transform: [1, 0, 0, -7.10542736e-15, 0, 1, 0, -2.66453526e-15, 0, 0, 1, -10.9984999, 0, 0, 0, 1]
                  - name: RightUpperArmFK
                    transform: [-0.202398703, 0.908386767, 0.365879923, -17.2865009, 0.000655378099, -0.373486817, 0.927635074, 6.91770983, 0.979302824, 0.187992081, 0.0749979541, 19.1902733, 0, 0, 0, 1]
                    child:
                      - name: RightLowerArmFK
                        transform: [0.997650206, -0.0150346402, 0.0668431371, -2.13162821e-14, 0.0123866918, 0.999128699, 0.0398538336, -3.55271368e-15, -0.0673841015, -0.0389322191, 0.996967196, -25.1161003, 0, 0, 0, 1]
                        child:
                          - name: RightWristFK
                            transform: [1, 0, 0, -1.42108547e-14, 0, 1, 0, -6.21724894e-15, 0, 0, 1, -23.8029003, 0, 0, 0, 1]
                  - name: RightUpperArmIK
                    transform: [0.375110269, 0.0361775309, 0.926273882, -17.2865009, 0.0281019919, 0.998335123, -0.0503724031, 6.91770983, -0.926554143, 0.0449253581, 0.373469174, 19.1902733, 0, 0, 0, 1]
                    child:
                      - name: RightLowerArmIK
                        transform: [0.528638721, 0, 0.848846912, -2.13162821e-14, 0, 1, 0, -3.55271368e-15, -0.848846912, 0, 0.528638721, -25.1161003, 0, 0, 0, 1]
                        child:
                          - name: RightWristIK
                            transform: [-0.931798995, -0.185281605, -0.312124252, -1.42108547e-14, 0.195024773, -0.980798483, -1.67638063e-08, -6.21724894e-15, -0.306130916, -0.0608719885, 0.950041294, -23.8029003, 0, 0, 0, 1]
              - name: LeftLeg
                transform: [0.99980402, 1.73080472e-09, 0.0197980981, 15.4882812, 0, -1, 8.74227766e-08, -12.9643459, 0.0197980981, -8.74056383e-08, -0.99980402, 0.0197515581, 0, 0, 0, 1]
                child:
                  - name: LeftFoot
                    transform: [0.99980402, 0.0173383504, -0.00955752656, 4.86446667, 0, 0.482749701, 0.87575841, 7.75691891, 0.0197981, -0.875586748, 0.482655048, 12.0216665, 0, 0, 0, 1]
                    child:
                      - name: LeftFootEnd
                        transform: [1, 0, 0, -7.29076833e-15, 0, 1, 0, 0, 0, 0, 1, 5.99848557, 0, 0, 0, 1]
              - name: RightLeg
                transform: [0.99980402, 0, 0.0197980981, -15.4883003, 0, 1, 0, -12.9643002, -0.0197980981, 0, 0.99980402, 0.0197387375, 0, 0, 0, 1]
                child:
                  - name: RightFoot
                    transform: [0.99980402, 0.0173383504, -0.00955752656, -0.982758045, 0, 0.482749701, 0.87575841, 9.17390633, 0.0197981, -0.875586748, 0.482655048, -24.0331078, 0, 0, 0, 1]
                    child:
                      - name: RightFootEnd
                        transform: [1, 0, 0, 9.41469125e-14, 0, 1, 0, -3.41344021e-05, 0, 0, 1, -5.99855423, 0, 0, 0, 1]