name: 01 - Default
diffuse: 3672492750779273749
specular: 0
normals: 0
diffuse_color: [0.588235319, 0.588235319, 0.588235319, 1]
specular_color: [0.899999976, 0.899999976, 0.899999976, 1]
shininess: 1.99999988