name: baked_Tronco_mtl
diffuse: 0
specular: 0
normals: 0
diffuse_color: [0.835294127, 0.603921592, 0.898039222, 1]
specular_color: [0.899999976, 0.899999976, 0.899999976, 1]
shininess: 2