id: 5756751810763947640
type: 0
name: Baker_house
diffuse_id: 2802016646137564642
specular_id: 0
normals_id: 0
diffuse_path: assets/textures/Baker_house.png
specular_path: ""
normals_path: ""
diffuse_color: [0.470400006, 0.470400006, 0.470400006, 1]
specular_color: [0.899999976, 0.899999976, 0.899999976, 1]
shininess: 1.96078432