name: Baker_house
diffuse: 12023432331947101770
specular: 0
normals: 0
metalness: 0
emissive: 0
diffuse_color: [0.470400006, 0.470400006, 0.470400006, 1]
specular_color: [0.899999976, 0.899999976, 0.899999976, 1]
emissive_color: [0, 0, 0, 1]
smoothness: 0.50999999
metalness_value: 0.790000021
is_metallic: 1
smoothness_alpha: 1
is_transparent: 0