name: Baker_house
diffuse: 4311066901291609426
specular: 0
normals: 0
diffuse_color: [0.470400006, 0.470400006, 0.470400006, 1]
specular_color: [0.899999976, 0.899999976, 0.899999976, 1]
shininess: 1.96078432