name: cliffPath_mat
diffuse: 7189808112648858413
specular: 0
normals: 1857378250627402262
metalness: 0
diffuse_color: [0.588, 0.588, 0.588, 1]
specular_color: [0.899999976, 0.899999976, 0.899999976, 1]
smoothness: 0.5
metalness_value: 0.5
is_metallic: 1
smoothness_alpha: 0
is_transparent: 0