name: CrystalB_base
diffuse: 0
specular: 0
normals: 0
diffuse_color: [0.482352942, 0.686274529, 0.717647076, 1]
specular_color: [0.899999976, 0.899999976, 0.899999976, 1]
shininess: 2