name: CrystalPlatf_base
diffuse: 0
specular: 0
normals: 0
diffuse_color: [0.203921571, 0.650980413, 0.717647076, 1]
specular_color: [0.899999976, 0.899999976, 0.899999976, 1]
shininess: 2