name: crystalShort_01
diffuse: 332821277939981237
specular: 11088215258902863618
normals: 5047814466430231310
metalness: 0
diffuse_color: [0.588, 0.588, 0.588, 1]
specular_color: [0.899999976, 0.899999976, 0.899999976, 1]
smoothness: 0.5
metalness_value: 0.5
is_metallic: 0
smoothness_alpha: 0
is_transparent: 0