name: CrystalR_base
diffuse: 0
specular: 0
normals: 0
diffuse_color: [0.745098054, 0.0392156877, 0.137254909, 1]
specular_color: [0.899999976, 0.899999976, 0.899999976, 1]
shininess: 2