name: crystalShort_02
diffuse: 4062723613666946751
specular: 16259860366260462915
normals: 3538134829349112297
metalness: 0
diffuse_color: [0.588, 0.588, 0.588, 1]
specular_color: [0.899999976, 0.899999976, 0.899999976, 1]
smoothness: 0.5
metalness_value: 0.5
is_metallic: 0
smoothness_alpha: 1
is_transparent: 0