name: crystalTall_01
diffuse: 5514566446444309822
specular: 16287004786613530779
normals: 1969799706319162580
metalness: 0
diffuse_color: [0.588, 0.588, 0.588, 1]
specular_color: [0.899999976, 0.899999976, 0.899999976, 1]
smoothness: 0.5
metalness_value: 0.5
is_metallic: 0
smoothness_alpha: 0
is_transparent: 0