name: DefaultMaterial
diffuse: 0
specular: 0
normals: 0
diffuse_color: [0.800000012, 0.800000012, 0.800000012, 1]
specular_color: [0.100000001, 0.100000001, 0.100000001, 0.100000001]
shininess: 50