name: FoorTile_base
diffuse: 0
specular: 0
normals: 0
diffuse_color: [0.827450991, 0.466666669, 0.592156887, 1]
specular_color: [0.899999976, 0.899999976, 0.899999976, 1]
shininess: 2