name: MainPath_base
diffuse: 0
specular: 0
normals: 0
diffuse_color: [0.603921592, 0.200000003, 0.0666666701, 1]
specular_color: [0.899999976, 0.899999976, 0.899999976, 1]
shininess: 2