name: "Material #26"
diffuse: 0
specular: 0
normals: 0
metalness: 0
emissive: 0
diffuse_color: [0.180392161, 0.258823544, 0.345098048, 1]
specular_color: [0.899999976, 0.899999976, 0.899999976, 1]
emissive_color: [0, 0, 0, 1]
smoothness: 0.5
metalness_value: 0.5
is_metallic: 0
smoothness_alpha: 0
is_transparent: 0