name: "Material #107"
diffuse: 7926592261429021852
specular: 8533662193348722371
normals: 11406378444906114781
metalness: 0
emissive: 0
diffuse_color: [0.588, 0.588, 0.588, 1]
specular_color: [0.899999976, 0.899999976, 0.899999976, 1]
emissive_color: [0, 0, 0, 0]
smoothness: 0
metalness_value: 0.5
is_metallic: 0
smoothness_alpha: 1
is_transparent: 0