name: "Material #109"
diffuse: 13443929504304712124
specular: 13978031977199365538
normals: 17865070157332166979
metalness: 0
emissive: 0
diffuse_color: [0.588, 0.588, 0.588, 1]
specular_color: [0.899999976, 0.899999976, 0.899999976, 1]
emissive_color: [0, 0, 0, 0]
smoothness: 0.5
metalness_value: 0.5
is_metallic: 0
smoothness_alpha: 0
is_transparent: 0