name: "Material #4"
diffuse: 0
specular: 0
normals: 0
metalness: 0
emissive: 0
diffuse_color: [0.419607848, 0.772549033, 0.847058833, 1]
specular_color: [0.899999976, 0.899999976, 0.899999976, 1]
emissive_color: [0, 0, 0, 1]
smoothness: 0.5
metalness_value: 0.5
is_metallic: 0
smoothness_alpha: 0
is_transparent: 0