name: "Material #115"
diffuse: 4356824898885738434
specular: 13932259863020061677
normals: 41548221523804050
metalness: 0
emissive: 0
diffuse_color: [0.588, 0.588, 0.588, 1]
specular_color: [0.899999976, 0.899999976, 0.899999976, 1]
emissive_color: [0, 0, 0, 0]
smoothness: 0
metalness_value: 0.5
is_metallic: 0
smoothness_alpha: 1
is_transparent: 0