name: "Material #110"
diffuse: 5700569581057718395
specular: 16211274509302209778
normals: 2629343953527838984
metalness: 0
emissive: 0
diffuse_color: [0.588, 0.588, 0.588, 1]
specular_color: [0.899999976, 0.899999976, 0.899999976, 1]
emissive_color: [0, 0, 0, 0]
smoothness: 0
metalness_value: 0.5
is_metallic: 0
smoothness_alpha: 1
is_transparent: 0