name: "Material #8"
diffuse: 66639223041139660
specular: 0
normals: 12813787567363385688
metalness: 0
emissive: 0
diffuse_color: [0.588, 0.588, 0.588, 1]
specular_color: [0.899999976, 0.899999976, 0.899999976, 1]
emissive_color: [0, 0, 0, 1]
smoothness: 1
metalness_value: 0.5
is_metallic: 0
smoothness_alpha: 0
is_transparent: 0