name: mcLow
diffuse: 3033388213877946593
specular: 13823682896458301408
normals: 8967611180792928180
metalness: 0
diffuse_color: [0.588, 0.588, 0.588, 1]
specular_color: [0.899999976, 0.899999976, 0.899999976, 1]
smoothness: 0.5
metalness_value: 0.5
is_metallic: 0
smoothness_alpha: 0
is_transparent: 0