name: Path_desert
diffuse: 0
specular: 0
normals: 0
metalness: 0
diffuse_color: [0.400000006, 0.253040016, 0.146000013, 1]
specular_color: [0.100000001, 0.100000001, 0.100000001, 0.100000001]
smoothness: 0.5
metalness_value: 0.5
is_metallic: 0
smoothness_alpha: 0
is_transparent: 0