name: Platform_base
diffuse: 0
specular: 0
normals: 0
diffuse_color: [0.466666669, 0.509803951, 0.827450991, 1]
specular_color: [0.899999976, 0.899999976, 0.899999976, 1]
shininess: 2