name: PLayer_base
diffuse: 0
specular: 0
normals: 0
diffuse_color: [0.380392164, 0.53725493, 0.105882354, 1]
specular_color: [0.899999976, 0.899999976, 0.899999976, 1]
shininess: 2