name: QuickSand_base
diffuse: 0
specular: 0
normals: 0
diffuse_color: [0.741176486, 0.494117647, 0.129411772, 1]
specular_color: [0.899999976, 0.899999976, 0.899999976, 1]
shininess: 2