name: rockSmall2
diffuse: 12015191042451104875
specular: 0
normals: 9827110052092006688
metalness: 0
diffuse_color: [0.588, 0.588, 0.588, 1]
specular_color: [0.899999976, 0.899999976, 0.899999976, 1]
smoothness: 0.5
metalness_value: 0.5
is_metallic: 0
smoothness_alpha: 0
is_transparent: 0