name: RockPath_base
diffuse: 0
specular: 0
normals: 0
diffuse_color: [0.20784314, 0.0627451017, 0.0196078438, 1]
specular_color: [0.899999976, 0.899999976, 0.899999976, 1]
shininess: 2