name: TerrainWater_base
diffuse: 0
specular: 0
normals: 0
metalness: 0
diffuse_color: [0.0509803928, 0.443137258, 0.501960814, 1]
specular_color: [0.899999976, 0.899999976, 0.899999976, 1]
smoothness: 0.5
metalness_value: 0.5
is_metallic: 0
smoothness_alpha: 0
is_transparent: 0