name: TerrainDesert_base
diffuse: 0
specular: 0
normals: 0
diffuse_color: [0.450980395, 0.23137255, 0.0862745121, 1]
specular_color: [0.899999976, 0.899999976, 0.899999976, 1]
shininess: 2