name: Totem_base
diffuse: 0
specular: 0
normals: 0
diffuse_color: [0.227450982, 0.494117647, 0.827450991, 1]
specular_color: [0.899999976, 0.899999976, 0.899999976, 1]
shininess: 2