name: Wall_in
diffuse: 0
specular: 0
normals: 0
metalness: 0
diffuse_color: [0.0240240004, 0.0300605334, 0.0560000017, 1]
specular_color: [0.100000001, 0.100000001, 0.100000001, 0.100000001]
smoothness: 0.5
metalness_value: 0.5
is_metallic: 0
smoothness_alpha: 0