name: watchtower
diffuse: 2335554732655075952
specular: 0
normals: 0
metalness: 0
diffuse_color: [0.397385657, 0.397385657, 0.397385657, 1]
specular_color: [1, 1, 1, 1]
smoothness: 0.5
metalness_value: 0.5
is_metallic: 0
smoothness_alpha: 0
is_transparent: 0