name: watchtower
diffuse: 9620359710427266856
specular: 0
normals: 0
diffuse_color: [0.397385657, 0.397385657, 0.397385657, 1]
specular_color: [1, 1, 1, 1]
shininess: 0