name: watchtower
diffuse: 18335050932886976286
specular: 0
normals: 0
diffuse_color: [0.397385657, 0.397385657, 0.397385657, 1]
specular_color: [1, 1, 1, 1]
shininess: 0