name: ZombunnyMaterial
diffuse: 5316918336019857045
specular: 10562313864479859396
normals: 556217011129045109
metalness: 0
emissive: 2137336431232494422
diffuse_color: [0.223529428, 0.223529428, 0.223529428, 1]
specular_color: [0.0854657814, 0.0854657814, 0.0854657814, 1]
emissive_color: [0, 0, 0, 1]
smoothness: 0.5
metalness_value: 0.5
is_metallic: 0
smoothness_alpha: 0
is_transparent: 0