name: ZombunnyMaterial
diffuse: 11470357452975557396
specular: 3429061531957375415
normals: 9130153343116115864
diffuse_color: [0.223529428, 0.223529428, 0.223529428, 1]
specular_color: [0.0854657814, 0.0854657814, 0.0854657814, 1]
shininess: 7.99999809