name: ZombunnyMaterial
diffuse: 11470357452975557396
specular: 0
normals: 0
metalness: 0
diffuse_color: [0.223529428, 0.223529428, 0.223529428, 1]
specular_color: [0.0854657814, 0.0854657814, 0.0854657814, 1]
smoothness: 0.5
metalness_value: 0.5
is_metallic: 0
smoothness_alpha: 0
is_transparent: 0